1.527699679136276245e-01 7.216790914535522461e-01 9.132044911384582520e-01
3.096836805343627930e-01 6.200440526008605957e-01 7.554761171340942383e-01
6.624863743782043457e-01 4.353233575820922852e-01 2.981050312519073486e-01
7.888094186782836914e-01 3.573148846626281738e-01 1.517031192779541016e-01
8.208532333374023438e-01 3.338388502597808838e-01 1.196157410740852356e-01
6.289598345756530762e-01 4.537170827388763428e-01 3.409205973148345947e-01
8.320239782333374023e-01 3.250955641269683838e-01 1.090184450149536133e-01
3.330615758895874023e-01 6.071281433105468750e-01 7.278761863708496094e-01
7.846577167510986328e-01 3.602070808410644531e-01 1.560341268777847290e-01
3.000700473785400391e-01 6.254588961601257324e-01 7.665668725967407227e-01
2.790553867816925049e-01 6.375397443771362305e-01 7.902463674545288086e-01
2.566881179809570312e-01 6.508262753486633301e-01 8.145443797111511230e-01
4.386575520038604736e-01 5.517555475234985352e-01 5.943295955657958984e-01
7.255678772926330566e-01 3.985538184642791748e-01 2.215276956558227539e-01
1.380876451730728149e-01 7.335819005966186523e-01 9.250032305717468262e-01
5.682167410850524902e-01 4.857457876205444336e-01 4.209648966789245605e-01
2.597601711750030518e-01 6.489722132682800293e-01 8.112649917602539062e-01
2.375969141721725464e-01 6.625824570655822754e-01 8.344933986663818359e-01
6.176633238792419434e-01 4.597826600074768066e-01 3.556014895439147949e-01
2.721031010150909424e-01 6.416185498237609863e-01 7.979019284248352051e-01
7.404518723487854004e-01 3.893270790576934814e-01 2.043941020965576172e-01
3.985199034214019775e-01 5.723900198936462402e-01 6.465152502059936523e-01
4.699660241603851318e-01 5.358339548110961914e-01 5.528145432472229004e-01
4.584463238716125488e-01 5.416816473007202148e-01 5.681533217430114746e-01
3.363268077373504639e-01 6.053497195243835449e-01 7.239538431167602539e-01
6.588909626007080078e-01 4.373274147510528564e-01 3.026362955570220947e-01
6.925070285797119141e-01 4.182384908199310303e-01 2.609262466430664062e-01
2.902514338493347168e-01 6.310594081878662109e-01 7.777292728424072266e-01
5.308579802513122559e-01 5.049199461936950684e-01 4.710779786109924316e-01
7.985625863075256348e-01 3.503949642181396484e-01 1.416813582181930542e-01
6.252092719078063965e-01 4.557375609874725342e-01 3.457820713520050049e-01
3.925490379333496094e-01 5.754927396774291992e-01 6.541502475738525391e-01
2.818294763565063477e-01 6.359242796897888184e-01 7.871663570404052734e-01
1.230181083083152771e-01 7.465676069259643555e-01 9.364942312240600586e-01
4.342056214809417725e-01 5.540288686752319336e-01 6.001830697059631348e-01
2.171601951122283936e-01 6.756734848022460938e-01 8.549911379814147949e-01
8.404317498207092285e-01 3.182882964611053467e-01 1.012546941637992859e-01
3.498548865318298340e-01 5.980405807495117188e-01 7.075374722480773926e-01
5.064097046852111816e-01 5.173541903495788574e-01 5.039669871330261230e-01
7.843478322029113770e-01 3.604217469692230225e-01 1.563589274883270264e-01
4.324755966663360596e-01 5.549131631851196289e-01 6.024538278579711914e-01
5.856074094772338867e-01 4.767080545425415039e-01 3.978065252304077148e-01
3.325528204441070557e-01 6.074057817459106445e-01 7.284859418869018555e-01
8.265753388404846191e-01 3.294010162353515625e-01 1.141477450728416443e-01
1.262172311544418335e-01 7.437380552291870117e-01 9.341085553169250488e-01
5.815985202789306641e-01 4.787991940975189209e-01 4.031313955783843994e-01
2.912909388542175293e-01 6.304629445075988770e-01 7.765554785728454590e-01
4.792711436748504639e-01 5.311152935028076172e-01 5.403813123703002930e-01
8.227322697639465332e-01 3.323906660079956055e-01 1.178110390901565552e-01
6.240274310111999512e-01 4.563728272914886475e-01 3.473166823387145996e-01
7.568311095237731934e-01 3.788630366325378418e-01 1.860160082578659058e-01
7.090312242507934570e-01 4.085281789302825928e-01 2.410146594047546387e-01
5.628687143325805664e-01 4.885086417198181152e-01 4.281139969825744629e-01
5.085285902023315430e-01 5.162786245346069336e-01 5.011177062988281250e-01
3.044187724590301514e-01 6.230013966560363770e-01 7.615694403648376465e-01
2.531198263168334961e-01 6.529923677444458008e-01 8.183297514915466309e-01
3.871535658836364746e-01 5.783056616783142090e-01 6.610166430473327637e-01
5.270901918411254883e-01 5.068404078483581543e-01 4.761463999748229980e-01
4.022603929042816162e-01 5.704514384269714355e-01 6.417137384414672852e-01
2.006576359272003174e-01 6.866949796676635742e-01 8.708618283271789551e-01
1.166398078203201294e-01 7.523379325866699219e-01 9.411624073982238770e-01
7.411557435989379883e-01 3.888843059539794922e-01 2.035937905311584473e-01
7.895717620849609375e-01 3.567804396152496338e-01 1.509120017290115356e-01
1.359205096960067749e-01 7.353979349136352539e-01 9.266949892044067383e-01
6.224133968353271484e-01 4.572393298149108887e-01 3.494144976139068604e-01
4.661617279052734375e-01 5.377641916275024414e-01 5.578870773315429688e-01
2.786867916584014893e-01 6.377549767494201660e-01 7.906545400619506836e-01
1.386339515447616577e-01 7.331266403198242188e-01 9.245746731758117676e-01
5.286319851875305176e-01 5.060547590255737305e-01 4.740722477436065674e-01
6.035001873970031738e-01 4.673088490962982178e-01 3.741586208343505859e-01
3.798947632312774658e-01 5.821049809455871582e-01 6.702034473419189453e-01
7.342398166656494141e-01 3.932086229324340820e-01 2.114964276552200317e-01
5.666983723640441895e-01 4.865309000015258789e-01 4.229935407638549805e-01
4.210696220397949219e-01 5.607560873031616211e-01 6.173666119575500488e-01
2.255311161279678345e-01 6.702421903610229492e-01 8.467055559158325195e-01
1.406156569719314575e-01 7.314836382865905762e-01 9.230133891105651855e-01
7.636796236038208008e-01 3.743809759616851807e-01 1.784878820180892944e-01
2.215543091297149658e-01 6.728098392486572266e-01 8.506611585617065430e-01
4.650357961654663086e-01 5.383356213569641113e-01 5.593871474266052246e-01
1.954179108142852783e-01 6.902900338172912598e-01 8.757687807083129883e-01
1.901412755250930786e-01 6.939611434936523438e-01 8.806445002555847168e-01
1.667886078357696533e-01 7.108927369117736816e-01 9.014055728912353516e-01
3.825971484184265137e-01 5.806884765625000000e-01 6.667902469635009766e-01
4.776274263858795166e-01 5.319485664367675781e-01 5.425800681114196777e-01
7.524189949035644531e-01 3.817161619663238525e-01 1.909155398607254028e-01
6.033905148506164551e-01 4.673668146133422852e-01 3.743029534816741943e-01
2.475303709506988525e-01 6.564134359359741211e-01 8.242073655128479004e-01
1.352759748697280884e-01 7.359412312507629395e-01 9.271956682205200195e-01
2.171601951122283936e-01 6.756734848022460938e-01 8.549911379814147949e-01
6.224133968353271484e-01 4.572393298149108887e-01 3.494144976139068604e-01
7.990045547485351562e-01 3.500771224498748779e-01 1.412324309349060059e-01
4.860505759716033936e-01 5.276786088943481445e-01 5.313028693199157715e-01
1.952738612890243530e-01 6.903895735740661621e-01 8.759028315544128418e-01
4.423704147338867188e-01 5.498618483543395996e-01 5.894373059272766113e-01
3.534069359302520752e-01 5.961362719535827637e-01 7.031843066215515137e-01
5.325694680213928223e-01 5.040469169616699219e-01 4.687760174274444580e-01
7.904839515686035156e-01 3.561395704746246338e-01 1.499671339988708496e-01
7.228220105171203613e-01 4.002292454242706299e-01 2.247314155101776123e-01
7.242885828018188477e-01 3.993354439735412598e-01 2.230186909437179565e-01
6.200411915779113770e-01 4.585107266902923584e-01 3.525018095970153809e-01
6.369441747665405273e-01 4.493928253650665283e-01 3.306161165237426758e-01
3.420785665512084961e-01 6.022307276725769043e-01 7.170061469078063965e-01
5.791433453559875488e-01 4.800775349140167236e-01 4.063968360424041748e-01
4.109115600585937500e-01 5.659818053245544434e-01 6.305559277534484863e-01
7.666438817977905273e-01 3.724199831485748291e-01 1.752589643001556396e-01
7.729772329330444336e-01 3.681855797767639160e-01 1.684211641550064087e-01
1.407264471054077148e-01 7.313920855522155762e-01 9.229258894920349121e-01
1.190213561058044434e-01 7.501626014709472656e-01 9.394333362579345703e-01
8.178690671920776367e-01 3.361208438873291016e-01 1.224998831748962402e-01
3.522559702396392822e-01 5.967527031898498535e-01 7.045966982841491699e-01
1.800519675016403198e-01 7.011322379112243652e-01 8.897798061370849609e-01
5.858297944068908691e-01 4.765918850898742676e-01 3.975113928318023682e-01
6.862270236015319824e-01 4.218682944774627686e-01 2.686011791229248047e-01
3.456972837448120117e-01 6.002771854400634766e-01 7.126106023788452148e-01
4.407461285591125488e-01 5.506900548934936523e-01 5.915787816047668457e-01
4.565395712852478027e-01 5.426505208015441895e-01 5.706857442855834961e-01
3.880781531333923340e-01 5.778230428695678711e-01 6.598423123359680176e-01
1.932654827833175659e-01 6.917812824249267578e-01 8.777656555175781250e-01
5.478200912475585938e-01 4.962477684020996094e-01 4.482825398445129395e-01
2.936615645885467529e-01 6.291058659553527832e-01 7.738716602325439453e-01
2.988203763961791992e-01 6.261676549911499023e-01 7.679969668388366699e-01
5.944747328758239746e-01 4.720639884471893311e-01 3.860612809658050537e-01
8.200432062149047852e-01 3.344604671001434326e-01 1.203964501619338989e-01
3.808667957782745361e-01 5.815951824188232422e-01 6.689767241477966309e-01
2.510463595390319824e-01 6.542573571205139160e-01 8.205175399780273438e-01
7.345973253250122070e-01 3.929864466190338135e-01 2.110857516527175903e-01
8.195015788078308105e-01 3.348751664161682129e-01 1.209193691611289978e-01
4.953265190124511719e-01 5.229761600494384766e-01 5.188593864440917969e-01
7.668077945709228516e-01 3.723111450672149658e-01 1.750809550285339355e-01
1.974431723356246948e-01 6.888946294784545898e-01 8.738797903060913086e-01
8.016408085823059082e-01 3.481725752353668213e-01 1.385638117790222168e-01
2.692986726760864258e-01 6.432764530181884766e-01 8.009640574455261230e-01
2.173160165548324585e-01 6.755713820457458496e-01 8.548383116722106934e-01
3.545596301555633545e-01 5.955195426940917969e-01 7.017679214477539062e-01
1.425089836120605469e-01 7.299259901046752930e-01 9.215117692947387695e-01
7.326272130012512207e-01 3.942089378833770752e-01 2.133516669273376465e-01
5.854961872100830078e-01 4.767661094665527344e-01 3.979540765285491943e-01
1.492452025413513184e-01 7.244761586189270020e-01 9.160900115966796875e-01
4.930928647518157959e-01 5.241087079048156738e-01 5.218577980995178223e-01
1.425089836120605469e-01 7.299259901046752930e-01 9.215117692947387695e-01
2.575634121894836426e-01 6.502970457077026367e-01 8.136119246482849121e-01
5.764045715332031250e-01 4.815014302730560303e-01 4.100431203842163086e-01
7.641754746437072754e-01 3.740538656711578369e-01 1.779464930295944214e-01
5.103895068168640137e-01 5.153337717056274414e-01 4.986149370670318604e-01
4.194507896900177002e-01 5.615873932838439941e-01 6.194745898246765137e-01
5.906024575233459473e-01 4.740951955318450928e-01 3.911843895912170410e-01
2.582650482654571533e-01 6.498733162879943848e-01 8.128632903099060059e-01
7.282966375350952148e-01 3.968808352947235107e-01 2.183568030595779419e-01
7.235558629035949707e-01 3.997822701930999756e-01 2.238738834857940674e-01
6.492488980293273926e-01 4.426623880863189697e-01 3.148631453514099121e-01
5.192026495933532715e-01 5.108551979064941406e-01 4.867586195468902588e-01
2.971906960010528564e-01 6.270936727523803711e-01 7.698578238487243652e-01
6.665725708007812500e-01 4.330355226993560791e-01 2.929745614528656006e-01
8.377093076705932617e-01 3.205151557922363281e-01 1.037483140826225281e-01
7.910904884338378906e-01 3.557125627994537354e-01 1.493399292230606079e-01
3.499591350555419922e-01 5.979846119880676270e-01 7.074099779129028320e-01
7.761776447296142578e-01 3.660218715667724609e-01 1.649979203939437866e-01
5.406594276428222656e-01 4.999145269393920898e-01 4.578999578952789307e-01
1.469327956438064575e-01 7.263311743736267090e-01 9.179649353027343750e-01
6.928972005844116211e-01 4.180118739604949951e-01 2.604512870311737061e-01
7.810746431350708008e-01 3.626788556575775146e-01 1.598025560379028320e-01
3.874798119068145752e-01 5.781353712081909180e-01 6.606023907661437988e-01
6.075500249862670898e-01 4.651651084423065186e-01 3.688364326953887939e-01
7.590170502662658691e-01 3.774396479129791260e-01 1.836028546094894409e-01
7.397467494010925293e-01 3.897699713706970215e-01 2.051967233419418335e-01
5.989958047866821289e-01 4.696857333183288574e-01 3.800919353961944580e-01
2.604656815528869629e-01 6.485478281974792480e-01 8.105092048645019531e-01
8.049713373184204102e-01 3.457459807395935059e-01 1.352156400680541992e-01
4.796428382396697998e-01 5.309268236160278320e-01 5.398839712142944336e-01
1.902824342250823975e-01 6.938622593879699707e-01 8.805148601531982422e-01
6.245648264884948730e-01 4.560840427875518799e-01 3.466187715530395508e-01
5.902699828147888184e-01 4.742694199085235596e-01 3.916246592998504639e-01
3.460082709789276123e-01 6.001095771789550781e-01 7.122319340705871582e-01
3.021916449069976807e-01 6.242582798004150391e-01 7.641328573226928711e-01
5.070682764053344727e-01 5.170199275016784668e-01 5.030814409255981445e-01
2.458272725343704224e-01 6.574627757072448730e-01 8.259854912757873535e-01
1.772280782461166382e-01 7.031771540641784668e-01 8.922919631004333496e-01
4.128818511962890625e-01 5.649664402008056641e-01 6.280048489570617676e-01
8.408001661300659180e-01 3.179852664470672607e-01 1.009188070893287659e-01
1.556386798620223999e-01 7.194288969039916992e-01 9.108318090438842773e-01
3.199630677700042725e-01 6.143234372138977051e-01 7.434472441673278809e-01
5.390088558197021484e-01 5.007585287094116211e-01 4.601182341575622559e-01
5.273757576942443848e-01 5.066949129104614258e-01 4.757621586322784424e-01
2.961389422416687012e-01 6.276922821998596191e-01 7.710563540458679199e-01
7.901802659034729004e-01 3.563531041145324707e-01 1.502815335988998413e-01
7.694196105003356934e-01 3.705717325210571289e-01 1.722518652677536011e-01
1.505297571420669556e-01 7.234526276588439941e-01 9.150422811508178711e-01
7.979723215103149414e-01 3.508190512657165527e-01 1.422817707061767578e-01
2.333075404167175293e-01 6.652837395668029785e-01 8.388707041740417480e-01
7.124228477478027344e-01 4.065045416355133057e-01 2.369809448719024658e-01
2.409332096576690674e-01 6.604973077774047852e-01 8.310617804527282715e-01
7.209820747375488281e-01 4.013475179672241211e-01 2.268854379653930664e-01
5.900483727455139160e-01 4.743854999542236328e-01 3.919182419776916504e-01
6.513331532478332520e-01 4.415139555931091309e-01 3.122112154960632324e-01
3.437305688858032227e-01 6.013381481170654297e-01 7.150018215179443359e-01
4.266087412834167480e-01 5.579155683517456055e-01 6.101374030113220215e-01
2.411008328199386597e-01 6.603929400444030762e-01 8.308886885643005371e-01
5.954685211181640625e-01 4.715417921543121338e-01 3.847479224205017090e-01
4.254041910171508789e-01 5.585327744483947754e-01 6.117116212844848633e-01
4.187813997268676758e-01 5.619313120841979980e-01 6.203455328941345215e-01
