6.719662249088287354e-02 6.538215875625610352e-01 2.119306325912475586e-01
1.383982598781585693e-01 6.208760142326354980e-01 2.513576447963714600e-01
5.556195378303527832e-01 5.339765548706054688e-01 3.736093640327453613e-01
7.146555185317993164e-01 5.031427741050720215e-01 4.200150668621063232e-01
7.472265362739562988e-01 4.955546259880065918e-01 4.312948882579803467e-01
5.073980093002319336e-01 5.423974990844726562e-01 3.610038161277770996e-01
7.577353715896606445e-01 4.929554462432861328e-01 4.351441860198974609e-01
1.544717997312545776e-01 6.155695319175720215e-01 2.581597268581390381e-01
7.103538513183593750e-01 5.040938258171081543e-01 4.185866415500640869e-01
1.322414875030517578e-01 6.230405569076538086e-01 2.486082166433334351e-01
1.198352053761482239e-01 6.276659965515136719e-01 2.428065836429595947e-01
1.078522354364395142e-01 6.325185894966125488e-01 2.367981821298599243e-01
2.508594989776611328e-01 5.903950333595275879e-01 2.918903529644012451e-01
6.407111287117004395e-01 5.183497667312622070e-01 3.971260488033294678e-01
6.304430961608886719e-02 6.566817760467529297e-01 2.088101506233215332e-01
4.189363121986389160e-01 5.578324198722839355e-01 3.382449150085449219e-01
1.094765439629554749e-01 6.318294405937194824e-01 2.376406341791152954e-01
9.866219758987426758e-02 6.365812420845031738e-01 2.318611890077590942e-01
4.908105432987213135e-01 5.452862381935119629e-01 3.567153513431549072e-01
1.159727647900581360e-01 6.291829347610473633e-01 2.409127205610275269e-01
6.592012047767639160e-01 5.147387385368347168e-01 4.025787711143493652e-01
2.094911634922027588e-01 6.001615524291992188e-01 2.785466313362121582e-01
2.870445549488067627e-01 5.826199054718017578e-01 3.026843965053558350e-01
2.732020020484924316e-01 5.855241417884826660e-01 2.986290752887725830e-01
1.568710803985595703e-01 6.148504614830017090e-01 2.591233849525451660e-01
5.503017902374267578e-01 5.348935723304748535e-01 3.722128868103027344e-01
5.971351265907287598e-01 5.265073776245117188e-01 3.848254978656768799e-01
1.262649595737457275e-01 6.252053976058959961e-01 2.458621412515640259e-01
3.659656941890716553e-01 5.673353672027587891e-01 3.244262635707855225e-01
7.249265313148498535e-01 5.008158683776855469e-01 4.234769642353057861e-01
5.018165111541748047e-01 5.433708429336547852e-01 3.595632910728454590e-01
2.037723958492279053e-01 6.016481518745422363e-01 2.765760421752929688e-01
1.213715597987174988e-01 6.270447373390197754e-01 2.435532212257385254e-01
5.903919413685798645e-02 6.596798896789550781e-01 2.056334912776947021e-01
2.459892183542251587e-01 5.915060639381408691e-01 2.903764247894287109e-01
8.977254480123519897e-02 6.408578753471374512e-01 2.267629653215408325e-01
7.653222084045410156e-01 4.909917712211608887e-01 4.380100071430206299e-01
1.672026067972183228e-01 6.116994619369506836e-01 2.632262706756591797e-01
3.330638110637664795e-01 5.735224485397338867e-01 3.155816495418548584e-01
7.099187970161437988e-01 5.041802525520324707e-01 4.184494614601135254e-01
2.439972013235092163e-01 5.919163227081298828e-01 2.897685468196868896e-01
4.440108537673950195e-01 5.534139871597290039e-01 3.447088301181793213e-01
1.541324555873870850e-01 6.156918406486511230e-01 2.580185532569885254e-01
7.527151107788085938e-01 4.942117631435394287e-01 4.332877695560455322e-01
5.986520648002624512e-02 6.590376496315002441e-01 2.063035964965820312e-01
4.382210671901702881e-01 5.544220209121704102e-01 3.432198762893676758e-01
1.269505470991134644e-01 6.249509453773498535e-01 2.461875379085540771e-01
2.982507348060607910e-01 5.803593993186950684e-01 3.058877885341644287e-01
7.490649819374084473e-01 4.951070249080657959e-01 4.319589436054229736e-01
5.001021027565002441e-01 5.436728000640869141e-01 3.591113984584808350e-01
6.789182424545288086e-01 5.107773542404174805e-01 4.085583090782165527e-01
6.193381547927856445e-01 5.224021673202514648e-01 3.910123705863952637e-01
4.111364483833312988e-01 5.592075586318969727e-01 3.362287282943725586e-01
3.358944654464721680e-01 5.729397535324096680e-01 3.163697719573974609e-01
1.349563747644424438e-01 6.220839619636535645e-01 2.498244643211364746e-01
1.060783490538597107e-01 6.332731842994689941e-01 2.358661592006683350e-01
1.988438367843627930e-01 6.028959155082702637e-01 2.748718261718750000e-01
3.608369529247283936e-01 5.682721138000488281e-01 3.230730891227722168e-01
2.131862789392471313e-01 5.992451906204223633e-01 2.797904014587402344e-01
8.321221917867660522e-02 6.442497968673706055e-01 2.227645665407180786e-01
5.741257220506668091e-02 6.609637141227722168e-01 2.042944133281707764e-01
6.601502299308776855e-01 5.145660638809204102e-01 4.028499722480773926e-01
7.156158685684204102e-01 5.029271841049194336e-01 4.203320443630218506e-01
6.240430101752281189e-02 6.571524739265441895e-01 2.083082795143127441e-01
4.979020059108734131e-01 5.440703034400939941e-01 3.585382103919982910e-01
2.822624444961547852e-01 5.836116671562194824e-01 3.012934625148773193e-01
1.196454986929893494e-01 6.277325153350830078e-01 2.427131086587905884e-01
6.313460320234298706e-02 6.566221117973327637e-01 2.088704407215118408e-01
3.630932569503784180e-01 5.678682923316955566e-01 3.236578404903411865e-01
4.700992405414581299e-01 5.488808155059814453e-01 3.513924479484558105e-01
1.922289282083511353e-01 6.046489477157592773e-01 2.725335955619812012e-01
6.516224145889282227e-01 5.162575840950012207e-01 4.003095626831054688e-01
4.166741073131561279e-01 5.582340955734252930e-01 3.376561999320983887e-01
2.321110814809799194e-01 5.946689844131469727e-01 2.860044240951538086e-01
9.331103414297103882e-02 6.391224861145019531e-01 2.288299053907394409e-01
6.373380124568939209e-02 6.562034487724304199e-01 2.093353569507598877e-01
6.869207024574279785e-01 5.091078281402587891e-01 4.110560715198516846e-01
9.162450581789016724e-02 6.399323940277099609e-01 2.278556525707244873e-01
2.809442579746246338e-01 5.839266180992126465e-01 3.008952140808105469e-01
8.124268800020217896e-02 6.453442573547363281e-01 2.215147316455841064e-01
7.933878898620605469e-02 6.463891267776489258e-01 2.202937006950378418e-01
7.147906720638275146e-02 6.510581374168395996e-01 2.150000929832458496e-01
1.946448981761932373e-01 6.040010452270507812e-01 2.733941078186035156e-01
2.963769137859344482e-01 5.807036757469177246e-01 3.053692281246185303e-01
6.737145185470581055e-01 5.118471980094909668e-01 4.069550335407257080e-01
4.700992405414581299e-01 5.488808155059814453e-01 3.513924479484558105e-01
1.033465936779975891e-01 6.344629526138305664e-01 2.344155162572860718e-01
6.223817169666290283e-02 6.572713851928710938e-01 2.081792503595352173e-01
8.977254480123519897e-02 6.408578753471374512e-01 2.267629653215408325e-01
4.979020059108734131e-01 5.440703034400939941e-01 3.585382103919982910e-01
7.254133224487304688e-01 5.007130503654479980e-01 4.236401021480560303e-01
3.068534135818481445e-01 5.786356329917907715e-01 3.083227574825286865e-01
8.122459053993225098e-02 6.453467607498168945e-01 2.215068936347961426e-01
2.549568116664886475e-01 5.894768238067626953e-01 2.931507527828216553e-01
1.700583398342132568e-01 6.108601093292236328e-01 2.643278539180755615e-01
3.685416281223297119e-01 5.668668746948242188e-01 3.251039683818817139e-01
7.165421843528747559e-01 5.027378797531127930e-01 4.206322431564331055e-01
6.371421217918395996e-01 5.190251469612121582e-01 3.961001038551330566e-01
6.389861702919006348e-01 5.186842083930969238e-01 3.966296613216400146e-01
4.943559765815734863e-01 5.446783304214477539e-01 3.576262593269348145e-01
5.188429355621337891e-01 5.404106974601745605e-01 3.639729321002960205e-01
1.612970083951950073e-01 6.134488582611083984e-01 2.609164714813232422e-01
4.345704317092895508e-01 5.550599694252014160e-01 3.422790467739105225e-01
2.217029631137847900e-01 5.971545577049255371e-01 2.826252579689025879e-01
6.902718544006347656e-01 5.084053874015808105e-01 4.121111333370208740e-01
6.974300146102905273e-01 5.068975687026977539e-01 4.143857359886169434e-01
6.374827027320861816e-02 6.562009453773498535e-01 2.093428671360015869e-01
5.804169923067092896e-02 6.604446768760681152e-01 2.048227190971374512e-01
7.443596124649047852e-01 4.962687790393829346e-01 4.302567839622497559e-01
1.691169440746307373e-01 6.111232638359069824e-01 2.639693021774291992e-01
7.586583495140075684e-02 6.483953595161437988e-01 2.180081456899642944e-01
4.444515109062194824e-01 5.533447265625000000e-01 3.448126018047332764e-01
5.886012911796569824e-01 5.280568003654479980e-01 3.824918270111083984e-01
1.640717536211013794e-01 6.126108765602111816e-01 2.620118260383605957e-01
2.529484629631042480e-01 5.899333357810974121e-01 2.925295233726501465e-01
2.710064649581909180e-01 5.859872698783874512e-01 2.979822158813476562e-01
1.998333781957626343e-01 6.026359200477600098e-01 2.752216160297393799e-01
8.045716583728790283e-02 6.457740068435668945e-01 2.210147529840469360e-01
3.897661864757537842e-01 5.630215406417846680e-01 3.306812047958374023e-01
1.283279508352279663e-01 6.244439482688903809e-01 2.468209266662597656e-01
1.314762681722640991e-01 6.233006119728088379e-01 2.482637912034988403e-01
4.568856954574584961e-01 5.511668324470520020e-01 3.480147719383239746e-01
7.463662624359130859e-01 4.957620501518249512e-01 4.309885799884796143e-01
1.931935101747512817e-01 6.043893694877624512e-01 2.728814780712127686e-01
1.050801575183868408e-01 6.337093114852905273e-01 2.353435456752777100e-01
6.519566774368286133e-01 5.161656737327575684e-01 4.004264771938323975e-01
7.458736300468444824e-01 4.958911538124084473e-01 4.308077692985534668e-01
3.185560703277587891e-01 5.763178467750549316e-01 3.115888833999633789e-01
6.904124021530151367e-01 5.083725452423095703e-01 4.121617078781127930e-01
8.199869841337203979e-02 6.449193358421325684e-01 2.219998687505722046e-01
7.282551527023315430e-01 5.000760555267333984e-01 4.246021509170532227e-01
1.144787371158599854e-01 6.297587752342224121e-01 2.401803433895111084e-01
8.979234099388122559e-02 6.408553123474121094e-01 2.267708927392959595e-01
1.709351837635040283e-01 6.106019616127014160e-01 2.646690905094146729e-01
6.424460560083389282e-02 6.558462381362915039e-01 2.097242772579193115e-01
6.494760513305664062e-01 5.166522264480590820e-01 3.996932208538055420e-01
4.438484907150268555e-01 5.534464120864868164e-01 3.446616828441619873e-01
6.616529077291488647e-02 6.545327305793762207e-01 2.111624181270599365e-01
3.157655894756317139e-01 5.768532156944274902e-01 3.108174800872802734e-01
6.424460560083389282e-02 6.558462381362915039e-01 2.097242772579193115e-01
1.083231642842292786e-01 6.323272585868835449e-01 2.370397746562957764e-01
4.304892718791961670e-01 5.557669401168823242e-01 3.412362635135650635e-01
6.874456405639648438e-01 5.090050101280212402e-01 4.112178087234497070e-01
3.383716344833374023e-01 5.724727511405944824e-01 3.170385658740997314e-01
2.302270978689193726e-01 5.951237082481384277e-01 2.853922545909881592e-01
4.514670968055725098e-01 5.521326661109924316e-01 3.466074168682098389e-01
1.086215078830718994e-01 6.322021484375000000e-01 2.371895313262939453e-01
6.442283987998962402e-01 5.177006125450134277e-01 3.981363177299499512e-01
6.381583213806152344e-01 5.188623666763305664e-01 3.963782191276550293e-01
5.367134213447570801e-01 5.373083353042602539e-01 3.686193227767944336e-01
3.500762879848480225e-01 5.702728629112243652e-01 3.201937079429626465e-01
1.304196119308471680e-01 6.236819028854370117e-01 2.477822005748748779e-01
5.612873435020446777e-01 5.329676270484924316e-01 3.751221597194671631e-01
7.629777789115905762e-01 4.916193485260009766e-01 4.371068179607391357e-01
7.172034382820129395e-01 5.025758147239685059e-01 4.208628535270690918e-01
1.672026067972183228e-01 6.116994619369506836e-01 2.632262706756591797e-01
7.010918855667114258e-01 5.061250329017639160e-01 4.155548512935638428e-01
3.795384168624877930e-01 5.648623704910278320e-01 3.280061781406402588e-01
6.548097729682922363e-02 6.550073027610778809e-01 2.106489241123199463e-01
5.977225303649902344e-01 5.264047980308532715e-01 3.849836885929107666e-01
7.064880132675170898e-01 5.049683451652526855e-01 4.173052310943603516e-01
1.991306990385055542e-01 6.028277873992919922e-01 2.749731838703155518e-01
4.759928286075592041e-01 5.478443503379821777e-01 3.529136478900909424e-01
6.813984513282775879e-01 5.102477669715881348e-01 4.093387126922607422e-01
6.584304571151733398e-01 5.148907899856567383e-01 4.023427367210388184e-01
4.636065363883972168e-01 5.500187277793884277e-01 3.497223556041717529e-01
1.097776815295219421e-01 6.317041516304016113e-01 2.377906739711761475e-01
7.316539883613586426e-01 4.992935061454772949e-01 4.257704615592956543e-01
2.987952828407287598e-01 5.802335143089294434e-01 3.060443997383117676e-01
7.945262640714645386e-02 6.463266015052795410e-01 2.203732430934906006e-01
5.008771419525146484e-01 5.435381531715393066e-01 3.593132793903350830e-01
4.508622586727142334e-01 5.522344112396240234e-01 3.464560806751251221e-01
1.641382426023483276e-01 6.126056909561157227e-01 2.620293200016021729e-01
1.336113810539245605e-01 6.225376725196838379e-01 2.492288053035736084e-01
3.339341282844543457e-01 5.733318328857421875e-01 3.158311843872070312e-01
1.024893298745155334e-01 6.348395347595214844e-01 2.339524328708648682e-01
7.493074983358383179e-02 6.489436030387878418e-01 2.173806577920913696e-01
2.236216068267822266e-01 5.966953635215759277e-01 2.832522392272949219e-01
7.657299637794494629e-01 4.908790290355682373e-01 4.381658434867858887e-01
6.807769834995269775e-02 6.532267332077026367e-01 2.125774323940277100e-01
1.452364623546600342e-01 6.185744404792785645e-01 2.543013393878936768e-01
3.773136734962463379e-01 5.652884244918823242e-01 3.274112641811370850e-01
3.612122535705566406e-01 5.682292580604553223e-01 3.231584131717681885e-01
1.298309117555618286e-01 6.239243745803833008e-01 2.475074082612991333e-01
7.161794900894165039e-01 5.028079152107238770e-01 4.205203056335449219e-01
6.934997439384460449e-01 5.077456235885620117e-01 4.131248891353607178e-01
6.651745736598968506e-02 6.542941331863403320e-01 2.114232927560806274e-01
7.243420481681823730e-01 5.009614825248718262e-01 4.232714474201202393e-01
9.670431166887283325e-02 6.375079751014709473e-01 2.307630479335784912e-01
6.237837076187133789e-01 5.215753316879272461e-01 3.922676444053649902e-01
1.002073362469673157e-01 6.358903050422668457e-01 2.327075898647308350e-01
6.349160671234130859e-01 5.194842219352722168e-01 3.954377770423889160e-01
4.504594802856445312e-01 5.522776246070861816e-01 3.463677763938903809e-01
5.396711826324462891e-01 5.367749929428100586e-01 3.694036900997161865e-01
1.625140756368637085e-01 6.131137013435363770e-01 2.613879442214965820e-01
2.376196384429931641e-01 5.934128165245056152e-01 2.877502441406250000e-01
1.002576947212219238e-01 6.358390450477600098e-01 2.327404469251632690e-01
4.585412144660949707e-01 5.508939623832702637e-01 3.484222888946533203e-01
2.364107817411422729e-01 5.936799645423889160e-01 2.873723208904266357e-01
2.296808063983917236e-01 5.952534675598144531e-01 2.852233946323394775e-01
