-8.288338184356689453e-01
-3.430938124656677246e-01
4.433553218841552734e-01
7.860165238380432129e-01
8.949907422065734863e-01
3.653324544429779053e-01
9.363489747047424316e-01
-2.860018312931060791e-01
7.727163434028625488e-01
-3.672977387905120850e-01
-4.216271340847015381e-01
-4.825253188610076904e-01
-4.734303802251815796e-02
6.022598147392272949e-01
-8.913648128509521484e-01
2.302871346473693848e-01
-4.739488661289215088e-01
-5.372273921966552734e-01
3.397053182125091553e-01
-4.401701986789703369e-01
6.425899863243103027e-01
-1.352440565824508667e-01
1.997904479503631592e-02
-4.704843275249004364e-03
-2.781664431095123291e-01
4.348009526729583740e-01
5.168073177337646484e-01
-3.924295008182525635e-01
1.499266475439071655e-01
8.176314234733581543e-01
3.566328585147857666e-01
-1.486058086156845093e-01
-4.142506718635559082e-01
-9.625992178916931152e-01
-5.697525292634963989e-02
-5.993150472640991211e-01
9.692326188087463379e-01
-2.460863888263702393e-01
9.771936386823654175e-02
7.717839479446411133e-01
-6.071779504418373108e-02
2.682327330112457275e-01
-2.870002686977386475e-01
9.158585071563720703e-01
-9.468315839767456055e-01
2.595742046833038330e-01
-3.897581696510314941e-01
3.986326605081558228e-02
9.016698002815246582e-01
3.540723323822021484e-01
6.887928247451782227e-01
5.586565732955932617e-01
2.187044769525527954e-01
1.022226288914680481e-01
-3.561563789844512939e-01
-4.925090968608856201e-01
-1.605897694826126099e-01
1.418749988079071045e-01
-1.269798129796981812e-01
-6.525066494941711426e-01
-9.944373965263366699e-01
6.445944309234619141e-01
7.883374094963073730e-01
-9.014958739280700684e-01
3.502627015113830566e-01
1.183576323091983795e-02
-4.225102365016937256e-01
-8.891640305519104004e-01
1.451855599880218506e-01
3.079016208648681641e-01
-1.770185977220535278e-01
6.256619095802307129e-01
2.271031588315963745e-01
-8.559738844633102417e-02
-5.730501413345336914e-01
-8.802520036697387695e-01
7.089347839355468750e-01
-5.856932997703552246e-01
9.418990463018417358e-03
-6.697821617126464844e-01
-6.881707906723022461e-01
-7.727485299110412598e-01
-1.709485948085784912e-01
3.635586798191070557e-02
6.763416528701782227e-01
3.075471520423889160e-01
-5.081787109375000000e-01
-9.043915867805480957e-01
-5.991551876068115234e-01
3.503420650959014893e-01
8.195556402206420898e-01
5.433249473571777344e-02
-6.704332232475280762e-01
-3.929721191525459290e-02
-2.377708256244659424e-01
1.535888463258743286e-01
7.916111350059509277e-01
5.949648022651672363e-01
5.986734628677368164e-01
3.448662757873535156e-01
3.834480345249176025e-01
-2.643283605575561523e-01
2.541871666908264160e-01
-1.078521013259887695e-01
7.177256345748901367e-01
7.368894219398498535e-01
-8.799222111701965332e-01
-9.823031425476074219e-01
8.840996623039245605e-01
-2.404687106609344482e-01
-7.236794233322143555e-01
2.688988149166107178e-01
5.008979439735412598e-01
-2.558405101299285889e-01
-4.280178993940353394e-02
-8.793211542069911957e-03
-1.585436016321182251e-01
-6.770117878913879395e-01
1.863366812467575073e-01
-3.836198747158050537e-01
-3.704139590263366699e-01
2.879053056240081787e-01
8.922300338745117188e-01
-1.747744679450988770e-01
-4.983290433883666992e-01
6.263989806175231934e-01
8.902803659439086914e-01
7.411968708038330078e-02
7.184957265853881836e-01
-6.631210446357727051e-01
8.283401131629943848e-01
-4.478273987770080566e-01
-5.986170172691345215e-01
-2.350942492485046387e-01
-8.722584247589111328e-01
6.208937168121337891e-01
2.680082321166992188e-01
-8.432694077491760254e-01
6.931685656309127808e-02
-8.719326257705688477e-01
-4.799454808235168457e-01
2.481815814971923828e-01
7.104195356369018555e-01
1.061740443110466003e-01
-8.910351991653442383e-02
2.794101834297180176e-01
-4.780538976192474365e-01
6.091628670692443848e-01
5.968235135078430176e-01
4.122172296047210693e-01
1.250488907098770142e-01
-3.744752705097198486e-01
4.530847072601318359e-01
9.586847424507141113e-01
7.934133410453796387e-01
-2.458399385213851929e-01
7.464349865913391113e-01
1.708672642707824707e-01
-8.530462980270385742e-01
5.173707008361816406e-01
7.617701292037963867e-01
-1.599205136299133301e-01
3.168680667877197266e-01
6.951885223388671875e-01
6.407333612442016602e-01
2.978623211383819580e-01
-4.719287157058715820e-01
8.395311236381530762e-01
4.063916578888893127e-02
-6.875686049461364746e-01
3.553092479705810547e-01
2.785176038742065430e-01
-2.552093267440795898e-01
-3.618002831935882568e-01
9.913744777441024780e-02
-5.130571722984313965e-01
-7.340412735939025879e-01
-1.035046279430389404e-01
9.707990288734436035e-01
-8.169611096382141113e-01
-3.176112771034240723e-01
1.673282831907272339e-01
1.424321383237838745e-01
-3.771359622478485107e-01
7.907490134239196777e-01
7.262247800827026367e-01
-8.380509018898010254e-01
8.158089518547058105e-01
-5.499013662338256836e-01
5.672357082366943359e-01
-5.271523594856262207e-01
5.900539755821228027e-01
2.781370580196380615e-01
4.169682264328002930e-01
-2.604177892208099365e-01
-7.345931977033615112e-02
-5.267271995544433594e-01
2.899887561798095703e-01
-7.612799853086471558e-02
-9.059701114892959595e-02
