6.131299138069152832e-01 8.434369564056396484e-01 4.891405701637268066e-01
5.481785535812377930e-01 7.673519849777221680e-01 4.880466461181640625e-01
1.876292526721954346e-01 6.701846122741699219e-01 7.066235542297363281e-01
3.450817167758941650e-01 1.866448819637298584e-01 3.813615143299102783e-01
7.549649477005004883e-01 4.831993877887725830e-01 2.424256503582000732e-01
2.521987855434417725e-01 6.500259041786193848e-01 6.440238952636718750e-01
8.951824307441711426e-01 7.606120109558105469e-01 2.035274952650070190e-01
8.335991948843002319e-02 2.878101170063018799e-01 7.108865976333618164e-01
4.660003185272216797e-01 1.450342237949371338e-01 2.823018729686737061e-01
8.797884583473205566e-01 8.966823816299438477e-01 2.917093038558959961e-01
7.532703131437301636e-02 4.836359322071075439e-01 7.835054993629455566e-01
4.613342583179473877e-01 8.242551684379577637e-01 5.782932639122009277e-01
1.739968359470367432e-01 3.340547084808349609e-01 6.033614873886108398e-01
1.371477544307708740e-01 1.698886901140213013e-01 5.679723620414733887e-01
1.220101118087768555e-01 6.078189015388488770e-01 7.534849047660827637e-01
7.229486107826232910e-01 8.281705975532531738e-01 3.970544040203094482e-01
2.779968082904815674e-01 4.091693088412284851e-02 2.888458967208862305e-01
2.522386908531188965e-01 7.267599552869796753e-02 3.575078248977661133e-01
6.688059568405151367e-01 4.996436536312103271e-01 3.030304312705993652e-01
3.630551397800445557e-01 6.931430101394653320e-01 5.782157778739929199e-01
7.104227691888809204e-02 5.578126907348632812e-01 8.083449006080627441e-01
4.199410378932952881e-01 1.827382296323776245e-01 3.305908143520355225e-01
9.562486410140991211e-01 6.378448605537414551e-01 9.873243421316146851e-02
4.737390279769897461e-01 8.596615195274353027e-01 5.943460464477539062e-01
2.403114140033721924e-01 1.104336231946945190e-01 4.080604910850524902e-01
5.933145284652709961e-01 8.014676570892333984e-01 4.761099517345428467e-01
4.893420636653900146e-01 7.115212678909301758e-01 5.003588199615478516e-01
5.093190073966979980e-01 2.053105086088180542e-01 2.906544506549835205e-01
1.891672313213348389e-01 1.747568100690841675e-01 5.075331926345825195e-01
1.781759560108184814e-01 1.608355492353439331e-01 5.104816555976867676e-01
6.714877486228942871e-02 4.094719886779785156e-01 7.784793972969055176e-01
3.048641681671142578e-01 1.403503417968750000e-01 3.803499937057495117e-01
2.581333220005035400e-01 3.447013497352600098e-01 5.255214571952819824e-01
8.264381289482116699e-01 3.873742222785949707e-01 1.714078783988952637e-01
3.121643960475921631e-01 8.235785365104675293e-02 3.243715465068817139e-01
1.685985326766967773e-01 7.454929500818252563e-02 4.412035346031188965e-01
3.112603425979614258e-01 6.193311139941215515e-02 3.004215657711029053e-01
8.745445609092712402e-01 6.742584109306335449e-01 1.996553093194961548e-01
9.284396171569824219e-01 7.912703752517700195e-01 1.711131632328033447e-01
5.749772191047668457e-01 2.165796011686325073e-01 2.604142427444458008e-01
1.273667216300964355e-01 8.451861888170242310e-02 5.085024237632751465e-01
6.041946411132812500e-01 5.540383458137512207e-01 3.624427318572998047e-01
8.483085632324218750e-01 7.767750620841979980e-01 2.596298754215240479e-01
9.547668099403381348e-01 6.564317345619201660e-01 1.036046147346496582e-01
1.752111762762069702e-01 1.289806663990020752e-01 4.898655712604522705e-01
3.087024986743927002e-01 1.133776828646659851e-01 3.563822209835052490e-01
5.541244745254516602e-01 2.584606111049652100e-01 2.888691127300262451e-01
3.753429949283599854e-01 7.872407436370849609e-01 6.139711737632751465e-01
6.409809589385986328e-01 9.179440736770629883e-01 5.372242927551269531e-01
8.722295165061950684e-01 7.046599984169006348e-01 2.105589061975479126e-01
7.530099749565124512e-01 7.489063739776611328e-01 3.317326605319976807e-01
7.376651763916015625e-01 8.719131350517272949e-01 4.160401821136474609e-01
7.273755073547363281e-01 7.399939894676208496e-01 3.477887809276580811e-01
7.893476486206054688e-01 9.061518907546997070e-01 4.011855125427246094e-01
2.938343286514282227e-01 1.376529335975646973e-01 3.866653740406036377e-01
4.277754426002502441e-01 1.182411909103393555e-01 2.854977846145629883e-01
6.057174801826477051e-01 8.346214294433593750e-01 4.882592260837554932e-01
5.428462028503417969e-01 6.680305004119873047e-01 4.458389580249786377e-01
3.449982106685638428e-01 7.667420506477355957e-01 6.243110895156860352e-01
5.661152005195617676e-01 8.901978135108947754e-01 5.593673586845397949e-01
9.611569344997406006e-02 2.364872097969055176e-01 6.673514842987060547e-01
4.519785642623901367e-01 9.116767048835754395e-01 6.535617113113403320e-01
7.415599822998046875e-01 4.220953881740570068e-01 2.343538552522659302e-01
3.059230744838714600e-01 2.452952265739440918e-01 4.415274262428283691e-01
4.549948871135711670e-01 8.011955022811889648e-01 5.686467289924621582e-01
8.985957503318786621e-01 4.363754689693450928e-01 1.284333020448684692e-01
4.876834452152252197e-01 4.039231538772583008e-01 3.833635449409484863e-01
2.245466113090515137e-01 1.360835433006286621e-01 4.441577196121215820e-01
7.061171531677246094e-01 9.654311537742614746e-01 5.724062323570251465e-01
1.305607855319976807e-01 2.717029452323913574e-01 6.306793093681335449e-01
6.008508205413818359e-01 1.083335950970649719e-01 1.944535523653030396e-01
8.587092757225036621e-01 3.521877527236938477e-01 1.424811184406280518e-01
3.688843548297882080e-02 2.685646116733551025e-01 8.086405992507934570e-01
5.695794820785522461e-01 1.896508783102035522e-01 2.514049708843231201e-01
8.127455115318298340e-01 6.407999396324157715e-01 2.446133345365524292e-01
2.815100550651550293e-01 2.632478475570678711e-01 4.697611629962921143e-01
8.747256994247436523e-01 4.240429997444152832e-01 1.449782252311706543e-01
8.011714220046997070e-01 3.221130073070526123e-01 1.721243411302566528e-01
6.821349859237670898e-01 7.857649326324462891e-01 4.039684236049652100e-01
5.141488909721374512e-01 2.004912644624710083e-01 2.857308983802795410e-01
6.408423185348510742e-01 8.790716528892517090e-01 4.972574710845947266e-01
3.095814883708953857e-01 5.911961793899536133e-01 5.767721533775329590e-01
6.448642015457153320e-01 5.857847929000854492e-01 3.469710946083068848e-01
7.248179614543914795e-02 3.245201706886291504e-01 7.437074184417724609e-01
5.944859981536865234e-01 2.518838942050933838e-01 2.642414569854736328e-01
6.654740571975708008e-01 2.139488458633422852e-01 2.129879146814346313e-01
2.239690124988555908e-01 6.889799237251281738e-01 6.818900108337402344e-01
3.947673738002777100e-01 8.930498361587524414e-01 6.709307432174682617e-01
2.352016717195510864e-01 1.250701248645782471e-01 4.254021048545837402e-01
4.804148972034454346e-01 8.762623071670532227e-01 6.030308008193969727e-01
9.282117486000061035e-01 7.817732095718383789e-01 1.684655249118804932e-01
9.429063796997070312e-01 7.815211415290832520e-01 1.467332839965820312e-01
7.480164170265197754e-01 6.135562062263488770e-01 2.854922115802764893e-01
5.601572394371032715e-01 2.995637953281402588e-01 3.013242185115814209e-01
7.286980152130126953e-01 8.975011706352233887e-01 4.465358257293701172e-01
1.576428264379501343e-01 9.310740232467651367e-02 4.769272208213806152e-01
3.027960360050201416e-01 8.555161207914352417e-02 3.342743217945098877e-01
1.061459928750991821e-01 1.297187209129333496e-01 5.866460800170898438e-01
5.763286948204040527e-01 8.841311335563659668e-01 5.469072461128234863e-01
5.787439942359924316e-01 4.565205872058868408e-01 3.451993763446807861e-01
5.933589935302734375e-01 8.768979310989379883e-01 5.289040207862854004e-01
2.723718285560607910e-01 7.427040934562683105e-01 6.654030084609985352e-01
3.700151145458221436e-01 1.409596651792526245e-01 3.360027968883514404e-01
9.519367814064025879e-01 6.824985742568969727e-01 1.119058057665824890e-01
8.719440102577209473e-01 8.487595319747924805e-01 2.686858177185058594e-01
7.146261930465698242e-01 9.000374078750610352e-01 4.607002437114715576e-01
5.332989096641540527e-01 1.819882690906524658e-01 2.665796577930450439e-01
9.182593822479248047e-01 4.440289735794067383e-01 1.128798574209213257e-01
6.244312524795532227e-01 1.668826788663864136e-01 2.139203101396560669e-01
9.511852264404296875e-01 6.534115076065063477e-01 1.081862896680831909e-01
4.932989478111267090e-01 1.312226802110671997e-01 2.593519091606140137e-01
1.788352876901626587e-01 6.492163538932800293e-01 7.075421214103698730e-01
6.546583771705627441e-01 2.172186970710754395e-01 2.196634560823440552e-01
3.554770946502685547e-01 5.276198387145996094e-01 5.187749862670898438e-01
1.128466203808784485e-01 1.006685569882392883e-01 5.492346286773681641e-01
6.340620517730712891e-01 2.433586269617080688e-01 2.400050312280654907e-01
7.701026201248168945e-01 9.288398623466491699e-01 4.468476176261901855e-01
4.898774325847625732e-01 1.879224032163619995e-01 2.929061949253082275e-01
4.058981686830520630e-02 2.808706462383270264e-01 8.018360137939453125e-01
5.859741568565368652e-01 9.341571331024169922e-01 5.969388484954833984e-01
1.424831449985504150e-01 2.481355071067810059e-01 6.039451956748962402e-01
5.380603671073913574e-01 1.046314835548400879e-01 2.201795578002929688e-01
1.045393124222755432e-01 1.543365418910980225e-01 6.075205206871032715e-01
7.179907560348510742e-01 6.438571214675903320e-01 3.172319531440734863e-01
2.790370285511016846e-01 2.278623878955841064e-01 4.540912210941314697e-01
8.137071877717971802e-02 1.224233955144882202e-01 6.274110078811645508e-01
7.108265757560729980e-01 2.085803151130676270e-01 1.884268522262573242e-01
1.906238347291946411e-01 1.484448909759521484e-01 4.878399968147277832e-01
2.865712344646453857e-01 1.652141511440277100e-01 4.115059375762939453e-01
4.197528213262557983e-02 2.584711909294128418e-01 7.911818027496337891e-01
8.120293915271759033e-02 2.193728685379028320e-01 6.864259839057922363e-01
6.630949974060058594e-01 6.835297942161560059e-01 3.708786368370056152e-01
8.981488347053527832e-01 4.719650745391845703e-01 1.349219977855682373e-01
2.561985254287719727e-01 5.274700745940208435e-02 3.257597982883453369e-01
6.873117685317993164e-01 9.447032809257507324e-01 5.419156551361083984e-01
5.125138163566589355e-01 7.373567223548889160e-01 4.969454407691955566e-01
4.680899977684020996e-01 7.937186360359191895e-01 5.557460188865661621e-01
3.688145875930786133e-01 7.938379049301147461e-01 6.218781471252441406e-01
6.278269886970520020e-01 7.361859679222106934e-01 4.182178080081939697e-01
5.163023471832275391e-01 9.338680505752563477e-01 6.409050822257995605e-01
2.985485196113586426e-01 9.374908357858657837e-02 3.456989526748657227e-01
3.040623366832733154e-01 1.240650862455368042e-01 3.685459792613983154e-01
1.213795095682144165e-01 1.375817060470581055e-01 5.681785345077514648e-01
9.005823135375976562e-01 8.601243495941162109e-01 2.390679121017456055e-01
2.579267024993896484e-01 8.462012410163879395e-01 7.265521883964538574e-01
4.931951761245727539e-01 4.379317462444305420e-01 3.922101557254791260e-01
6.045882105827331543e-01 9.388210177421569824e-01 5.915466547012329102e-01
1.574137508869171143e-01 6.285902857780456543e-01 7.216234803199768066e-01
3.630635142326354980e-01 8.685135245323181152e-01 6.715189218521118164e-01
9.284643828868865967e-02 3.758407831192016602e-01 7.249868512153625488e-01
5.150924995541572571e-02 3.062049150466918945e-01 7.818804979324340820e-01
2.603983879089355469e-01 4.721986055374145508e-01 5.725101232528686523e-01
1.945067495107650757e-01 5.700494721531867981e-02 3.870433866977691650e-01
7.654461264610290527e-01 8.763520121574401855e-01 3.956988453865051270e-01
6.144313514232635498e-02 1.745380908250808716e-01 7.063756585121154785e-01
8.709618449211120605e-01 8.715178966522216797e-01 2.839696109294891357e-01
8.141511678695678711e-02 4.388905465602874756e-01 7.618438601493835449e-01
1.052602604031562805e-01 6.252223849296569824e-01 7.783178091049194336e-01
4.073549211025238037e-01 1.099361106753349304e-01 2.907156944274902344e-01
9.527487754821777344e-01 7.169134616851806641e-01 1.168803051114082336e-01
1.215685904026031494e-01 4.755938053131103516e-01 7.151375412940979004e-01
5.082518234848976135e-02 2.164481729269027710e-01 7.524186372756958008e-01
1.279074698686599731e-01 5.995151400566101074e-01 7.442833781242370605e-01
8.487952947616577148e-01 8.662286996841430664e-01 3.059504330158233643e-01
4.239370226860046387e-01 5.853157043457031250e-01 4.924453198909759521e-01
2.565980851650238037e-01 3.918394818902015686e-02 3.005200028419494629e-01
8.021987676620483398e-01 5.149857997894287109e-01 2.183163017034530640e-01
7.075700163841247559e-02 5.689595937728881836e-01 8.113888502120971680e-01
1.235480755567550659e-01 3.582577705383300781e-01 6.742483973503112793e-01
4.131040275096893311e-01 1.073315739631652832e-01 2.854083180427551270e-01
6.986289471387863159e-02 3.317237496376037598e-01 7.509986162185668945e-01
1.713887602090835571e-01 1.846913993358612061e-01 5.338475704193115234e-01
2.507250905036926270e-01 8.376032114028930664e-01 7.268077135086059570e-01
7.548304796218872070e-01 3.358603417873382568e-01 2.029706835746765137e-01
4.170502126216888428e-01 1.075617820024490356e-01 2.833822369575500488e-01
1.484949737787246704e-01 5.497072339057922363e-01 7.061630487442016602e-01
9.268613159656524658e-02 1.517586410045623779e-01 6.268213391304016113e-01
9.320077896118164062e-01 6.199319362640380859e-01 1.269109100103378296e-01
7.405632734298706055e-01 2.562327086925506592e-01 1.884223967790603638e-01
9.339497238397598267e-02 2.222113013267517090e-01 6.653693318367004395e-01
2.348103672266006470e-01 2.640846967697143555e-01 5.109024643898010254e-01
6.601388454437255859e-01 6.542443037033081055e-01 3.614893257617950439e-01
1.006480008363723755e-01 2.188272029161453247e-01 6.512858867645263672e-01
7.134523987770080566e-01 3.164983987808227539e-01 2.211612164974212646e-01
4.657254219055175781e-01 8.675601333379745483e-02 2.408037930727005005e-01
5.207778215408325195e-01 7.669380903244018555e-01 5.062106847763061523e-01
4.494811892509460449e-01 6.908989548683166504e-01 5.179057717323303223e-01
7.811596393585205078e-01 5.400910973548889160e-01 2.399833947420120239e-01
3.792096674442291260e-01 7.532873749732971191e-02 2.752493619918823242e-01
7.776616215705871582e-01 2.635088562965393066e-01 1.705353856086730957e-01
8.498609066009521484e-01 7.394678592681884766e-01 2.438163310289382935e-01
8.013994991779327393e-02 3.413406908512115479e-01 7.351598739624023438e-01
3.627946078777313232e-01 7.477995753288269043e-01 6.028919219970703125e-01
4.790520668029785156e-01 3.803852498531341553e-01 3.801272213459014893e-01
8.290454149246215820e-01 8.657186031341552734e-01 3.267117142677307129e-01
7.977656275033950806e-02 1.549910902976989746e-01 6.541713476181030273e-01
5.098726153373718262e-01 8.561489731073379517e-02 2.189669460058212280e-01
8.532385230064392090e-01 4.546279609203338623e-01 1.671429872512817383e-01
3.580549955368041992e-01 8.746508359909057617e-01 6.791763901710510254e-01
3.245822787284851074e-01 8.100522756576538086e-01 6.606193780899047852e-01
