6.090553402900695801e-01 6.149976253509521484e-01 3.343296647071838379e-01
6.019593477249145508e-01 6.138257384300231934e-01 3.486707210540771484e-01
7.324239015579223633e-01 6.076475977897644043e-01 2.554770112037658691e-01
4.128996431827545166e-01 6.110175848007202148e-01 5.745223760604858398e-01
3.521579504013061523e-01 6.180315613746643066e-01 5.900575518608093262e-01
6.931298375129699707e-01 6.087422966957092285e-01 2.892420291900634766e-01
4.021932482719421387e-01 6.195781230926513672e-01 5.136336684226989746e-01
6.298484802246093750e-01 6.071877479553222656e-01 3.790828287601470947e-01
3.318423628807067871e-01 6.132440567016601562e-01 6.478226780891418457e-01
4.846493899822235107e-01 6.193068623542785645e-01 4.272671937942504883e-01
7.191970348358154297e-01 6.066258549690246582e-01 2.831533253192901611e-01
6.740139722824096680e-01 6.122608780860900879e-01 2.863443791866302490e-01
5.907688140869140625e-01 6.081489920616149902e-01 4.076159894466400146e-01
5.285974144935607910e-01 6.078013777732849121e-01 4.792155027389526367e-01
7.402696013450622559e-01 6.068214774131774902e-01 2.545179128646850586e-01
5.406677126884460449e-01 6.168705821037292480e-01 3.899308741092681885e-01
3.578294813632965088e-01 6.093302369117736816e-01 6.396067142486572266e-01
3.951068222522735596e-01 6.091651916503906250e-01 6.040493249893188477e-01
4.028000831604003906e-01 6.164380908012390137e-01 5.442582368850708008e-01
6.584252715110778809e-01 6.105822920799255371e-01 3.124883770942687988e-01
7.490961551666259766e-01 6.063557267189025879e-01 2.512368559837341309e-01
3.727112114429473877e-01 6.123777031898498535e-01 6.087108850479125977e-01
3.110792040824890137e-01 6.207286119461059570e-01 6.101082563400268555e-01
6.863627433776855469e-01 6.125136613845825195e-01 2.730883061885833740e-01
4.265688955783843994e-01 6.091423034667968750e-01 5.727573037147521973e-01
5.964267849922180176e-01 6.146179437637329102e-01 3.490863442420959473e-01
6.037302017211914062e-01 6.128151416778564453e-01 3.537598848342895508e-01
3.416425883769989014e-01 6.140425205230712891e-01 6.322158575057983398e-01
4.963264465332031250e-01 6.084771156311035156e-01 5.060381889343261719e-01
4.953773915767669678e-01 6.083122491836547852e-01 5.085315704345703125e-01
6.951066255569458008e-01 6.067705750465393066e-01 3.106113672256469727e-01
4.085733890533447266e-01 6.102883815765380859e-01 5.839775204658508301e-01
5.454562902450561523e-01 6.094070076942443848e-01 4.443591237068176270e-01
2.797124087810516357e-01 6.196017861366271973e-01 6.657727956771850586e-01
3.700073957443237305e-01 6.102604269981384277e-01 6.237034201622009277e-01
4.463567733764648438e-01 6.079037785530090332e-01 5.607945919036865234e-01
3.570621907711029053e-01 6.101261973381042480e-01 6.372508406639099121e-01
3.744960725307464600e-01 6.195048689842224121e-01 5.480116009712219238e-01
3.949160575866699219e-01 6.199178695678710938e-01 5.166326165199279785e-01
3.173934519290924072e-01 6.152890920639038086e-01 6.516258120536804199e-01
4.822418093681335449e-01 6.074686646461486816e-01 5.290461182594299316e-01
4.631741344928741455e-01 6.151384711265563965e-01 4.867172539234161377e-01
4.392167627811431885e-01 6.188817620277404785e-01 4.797070920467376709e-01
3.192301094532012939e-01 6.206406950950622559e-01 6.005047559738159180e-01
4.782632291316986084e-01 6.082192063331604004e-01 5.269117951393127441e-01
3.908659815788269043e-01 6.103003621101379395e-01 6.022344231605529785e-01
3.459854423999786377e-01 6.148231625556945801e-01 6.221225261688232422e-01
6.961019635200500488e-01 6.107080578804016113e-01 2.731207609176635742e-01
6.394053697586059570e-01 6.157072782516479492e-01 3.022150397300720215e-01
3.897558748722076416e-01 6.193870902061462402e-01 5.310254096984863281e-01
4.807495176792144775e-01 6.174057722091674805e-01 4.482147097587585449e-01
5.579431056976318359e-01 6.171637177467346191e-01 3.708775639533996582e-01
4.905516505241394043e-01 6.169904470443725586e-01 4.412039816379547119e-01
5.492094159126281738e-01 6.180876493453979492e-01 3.735974729061126709e-01
4.129843711853027344e-01 6.100958585739135742e-01 5.806288719177246094e-01
3.353994190692901611e-01 6.124930381774902344e-01 6.481099724769592285e-01
6.079607009887695312e-01 6.148592233657836914e-01 3.362068235874176025e-01
5.534617900848388672e-01 6.138350963592529297e-01 3.989730477333068848e-01
7.006954550743103027e-01 6.101851463317871094e-01 2.715925276279449463e-01
6.595332026481628418e-01 6.142548322677612305e-01 2.901768684387207031e-01
5.949310064315795898e-01 6.073694825172424316e-01 4.147295951843261719e-01
7.230682373046875000e-01 6.122573614120483398e-01 2.398569136857986450e-01
3.319959044456481934e-01 6.179621219635009766e-01 6.149479746818542480e-01
4.657686054706573486e-01 6.103168129920959473e-01 5.229948759078979492e-01
6.656678915023803711e-01 6.121444106101989746e-01 2.952417731285095215e-01
2.661141157150268555e-01 6.206710934638977051e-01 6.732627153396606445e-01
4.494038522243499756e-01 6.133275628089904785e-01 5.168848037719726562e-01
4.516714811325073242e-01 6.089542508125305176e-01 5.484297871589660645e-01
6.430727839469909668e-01 6.173319816589355469e-01 2.932918369770050049e-01
5.879319906234741211e-01 6.076812148094177246e-01 4.169425964355468750e-01
2.593739926815032959e-01 6.158760786056518555e-01 7.141395807266235352e-01
2.533181607723236084e-01 6.202921867370605469e-01 6.938026547431945801e-01
6.603782773017883301e-01 6.070595979690551758e-01 3.539685308933258057e-01
3.077836930751800537e-01 6.152073144912719727e-01 6.630387902259826660e-01
3.934766054153442383e-01 6.186179518699645996e-01 5.352565050125122070e-01
4.892650544643402100e-01 6.098928451538085938e-01 5.011432766914367676e-01
2.723797261714935303e-01 6.203141808509826660e-01 6.686630845069885254e-01
2.658297717571258545e-01 6.193435192108154297e-01 6.854203343391418457e-01
5.401175022125244141e-01 6.161752939224243164e-01 3.955010771751403809e-01
3.370551764965057373e-01 6.141386628150939941e-01 6.367107629776000977e-01
6.152732372283935547e-01 6.155392527580261230e-01 3.253410160541534424e-01
6.376833319664001465e-01 6.098182797431945801e-01 3.401595056056976318e-01
4.572058320045471191e-01 6.158131957054138184e-01 4.877569675445556641e-01
6.549383401870727539e-01 6.070313453674316406e-01 3.535903990268707275e-01
3.246240317821502686e-01 6.156049966812133789e-01 6.412500143051147461e-01
2.784901857376098633e-01 6.170343160629272461e-01 6.857616305351257324e-01
7.229896783828735352e-01 6.082043647766113281e-01 2.614049613475799561e-01
7.372504472732543945e-01 6.111415028572082520e-01 2.310187369585037231e-01
4.386304020881652832e-01 6.090994477272033691e-01 5.607652068138122559e-01
6.919279694557189941e-01 6.126706600189208984e-01 2.670824229717254639e-01
3.904166519641876221e-01 6.199443936347961426e-01 5.217214822769165039e-01
3.801691234111785889e-01 6.200976371765136719e-01 5.309507846832275391e-01
4.157953560352325439e-01 6.175753474235534668e-01 5.192620754241943359e-01
3.623640835285186768e-01 6.148619055747985840e-01 6.031887531280517578e-01
5.790488123893737793e-01 6.170855760574340820e-01 3.511910438537597656e-01
4.667688906192779541e-01 6.078664660453796387e-01 5.411342382431030273e-01
3.768452405929565430e-01 6.101031899452209473e-01 6.175736784934997559e-01
5.280985236167907715e-01 6.074328422546386719e-01 4.842934012413024902e-01
6.510493755340576172e-01 6.144161820411682129e-01 2.973103821277618408e-01
4.282824993133544922e-01 6.148837208747863770e-01 5.280162096023559570e-01
6.383360028266906738e-01 6.147002577781677246e-01 3.078628480434417725e-01
7.230660915374755859e-01 6.089384555816650391e-01 2.563104331493377686e-01
3.751673400402069092e-01 6.114486455917358398e-01 6.118584871292114258e-01
3.314392268657684326e-01 6.205201745033264160e-01 5.863023996353149414e-01
4.621285796165466309e-01 6.191624999046325684e-01 4.518034756183624268e-01
5.883882045745849609e-01 6.168739795684814453e-01 3.436050713062286377e-01
3.198852837085723877e-01 6.145189404487609863e-01 6.535581350326538086e-01
2.598576843738555908e-01 6.209670305252075195e-01 6.783823370933532715e-01
2.752796411514282227e-01 6.163070201873779297e-01 6.937963962554931641e-01
3.202748894691467285e-01 6.206163167953491211e-01 5.998175144195556641e-01
3.129687011241912842e-01 6.137640476226806641e-01 6.654952764511108398e-01
7.283332943916320801e-01 6.075550317764282227e-01 2.607127726078033447e-01
2.841179072856903076e-01 6.168205142021179199e-01 6.804655194282531738e-01
5.827403068542480469e-01 6.107273101806640625e-01 3.919615745544433594e-01
5.044108629226684570e-01 6.074092984199523926e-01 5.080838203430175781e-01
3.036926984786987305e-01 6.163774132728576660e-01 6.603860259056091309e-01
5.766107439994812012e-01 6.179167032241821289e-01 3.491824865341186523e-01
3.421005904674530029e-01 6.136912703514099121e-01 6.339314579963684082e-01
6.621810793876647949e-01 6.070219278335571289e-01 3.512627482414245605e-01
6.772508621215820312e-01 6.148458123207092285e-01 2.717094421386718750e-01
5.676252841949462891e-01 6.078457832336425781e-01 4.369205832481384277e-01
2.817546427249908447e-01 6.146202087402343750e-01 6.952724456787109375e-01
5.439557433128356934e-01 6.074570417404174805e-01 4.678161144256591797e-01
4.468910396099090576e-01 6.169807314872741699e-01 4.892427027225494385e-01
4.717150628566741943e-01 6.098771095275878906e-01 5.201746225357055664e-01
5.443122982978820801e-01 6.072480082511901855e-01 4.710574448108673096e-01
2.586498260498046875e-01 6.179258823394775391e-01 7.039111852645874023e-01
4.800398945808410645e-01 6.084730625152587891e-01 5.230103135108947754e-01
4.327650964260101318e-01 6.100020408630371094e-01 5.606011152267456055e-01
6.510145664215087891e-01 6.070740222930908203e-01 3.632511496543884277e-01
5.979843139648437500e-01 6.072725653648376465e-01 4.138705432415008545e-01
4.967841804027557373e-01 6.159520149230957031e-01 4.430172443389892578e-01
2.792666852474212646e-01 6.205323338508605957e-01 6.572434902191162109e-01
3.784646689891815186e-01 6.090748906135559082e-01 6.207043528556823730e-01
6.347672343254089355e-01 6.167213320732116699e-01 3.023754358291625977e-01
6.047606468200683594e-01 6.132088303565979004e-01 3.499643504619598389e-01
6.556931734085083008e-01 6.123738288879394531e-01 3.037761449813842773e-01
7.022053599357604980e-01 6.105951070785522461e-01 2.676790952682495117e-01
5.433749556541442871e-01 6.152637004852294922e-01 3.988439142704010010e-01
7.086623907089233398e-01 6.135702729225158691e-01 2.482243478298187256e-01
3.841696679592132568e-01 6.100648045539855957e-01 6.103785634040832520e-01
3.996338844299316406e-01 6.102437376976013184e-01 5.935323834419250488e-01
5.212143063545227051e-01 6.075949072837829590e-01 4.893026053905487061e-01
4.491870105266571045e-01 6.195082068443298340e-01 4.614575505256652832e-01
7.709393501281738281e-01 6.085974574089050293e-01 2.094542682170867920e-01
4.636419117450714111e-01 6.133571863174438477e-01 5.007717013359069824e-01
6.716673374176025391e-01 6.152117848396301270e-01 2.753229737281799316e-01
7.305046319961547852e-01 6.072794795036315918e-01 2.608186006546020508e-01
7.386901974678039551e-01 6.105107069015502930e-01 2.322796583175659180e-01
6.631527543067932129e-01 6.070821881294250488e-01 3.414883017539978027e-01
6.635637879371643066e-01 6.069689989089965820e-01 3.477265536785125732e-01
6.075385808944702148e-01 6.092272996902465820e-01 3.780409693717956543e-01
4.166651070117950439e-01 6.081254482269287109e-01 5.881627798080444336e-01
5.445170998573303223e-01 6.176228523254394531e-01 3.809921741485595703e-01
5.919030904769897461e-01 6.072149872779846191e-01 4.238104820251464844e-01
4.756908416748046875e-01 6.191563606262207031e-01 4.377048313617706299e-01
6.975197196006774902e-01 6.068079471588134766e-01 3.058468997478485107e-01
7.549646496772766113e-01 6.065551638603210449e-01 2.407805025577545166e-01
3.402829766273498535e-01 6.120986342430114746e-01 6.450315117835998535e-01
3.450901210308074951e-01 6.203991174697875977e-01 5.700191855430603027e-01
6.879802346229553223e-01 6.071606278419494629e-01 3.105835616588592529e-01
6.230201721191406250e-01 6.071572303771972656e-01 3.921297788619995117e-01
7.341144680976867676e-01 6.069234609603881836e-01 2.603793144226074219e-01
4.872457385063171387e-01 6.188467741012573242e-01 4.287274479866027832e-01
5.748715400695800781e-01 6.118308305740356445e-01 3.915658593177795410e-01
3.672569692134857178e-01 6.089286208152770996e-01 6.320251226425170898e-01
3.427456021308898926e-01 6.187773942947387695e-01 5.946363210678100586e-01
7.532972097396850586e-01 6.063204407691955566e-01 2.467300295829772949e-01
6.346757411956787109e-01 6.074519753456115723e-01 3.677192926406860352e-01
3.362663090229034424e-01 6.121981739997863770e-01 6.487330794334411621e-01
6.601833701133728027e-01 6.069962978363037109e-01 3.483029007911682129e-01
5.135758519172668457e-01 6.082359552383422852e-01 4.902543127536773682e-01
7.703166604042053223e-01 6.084774732589721680e-01 2.106780856847763062e-01
2.905004918575286865e-01 6.184428334236145020e-01 6.616268754005432129e-01
3.346023559570312500e-01 6.122732758522033691e-01 6.501073241233825684e-01
7.036452889442443848e-01 6.073330044746398926e-01 2.903474867343902588e-01
5.520418882369995117e-01 6.073631644248962402e-01 4.610980749130249023e-01
3.184772431850433350e-01 6.205042600631713867e-01 6.049737930297851562e-01
2.653614282608032227e-01 6.183884143829345703e-01 6.928204894065856934e-01
5.897294282913208008e-01 6.073606014251708984e-01 4.207581579685211182e-01
5.171898007392883301e-01 6.091384887695312500e-01 4.776601195335388184e-01
4.834374189376831055e-01 6.159510016441345215e-01 4.575768411159515381e-01
5.823896527290344238e-01 6.074239015579223633e-01 4.274737536907196045e-01
3.004004061222076416e-01 6.177176237106323242e-01 6.549926400184631348e-01
3.021681904792785645e-01 6.131677627563476562e-01 6.800432205200195312e-01
6.157996058464050293e-01 6.133384704589843750e-01 3.378647863864898682e-01
6.139182448387145996e-01 6.121266484260559082e-01 3.480350375175476074e-01
3.642618358135223389e-01 6.183426380157470703e-01 5.727150440216064453e-01
3.334851562976837158e-01 6.114574670791625977e-01 6.551552414894104004e-01
2.535588145256042480e-01 6.190752387046813965e-01 7.027264833450317383e-01
4.194057285785675049e-01 6.189820170402526855e-01 5.011228919029235840e-01
6.568394899368286133e-01 6.070508956909179688e-01 3.503036499023437500e-01
6.837751865386962891e-01 6.105184555053710938e-01 2.867856025695800781e-01
4.422627091407775879e-01 6.132105588912963867e-01 5.257709622383117676e-01
4.994464814662933350e-01 6.185705065727233887e-01 4.187224209308624268e-01
5.647894144058227539e-01 6.072832942008972168e-01 4.496451020240783691e-01
2.837170958518981934e-01 6.140294671058654785e-01 6.958403587341308594e-01
2.935945987701416016e-01 6.198424696922302246e-01 6.458151340484619141e-01
7.434338331222534180e-01 6.104335188865661621e-01 2.280938178300857544e-01
7.288954854011535645e-01 6.097922325134277344e-01 2.453776448965072632e-01
