4.453344941139221191e-01 -5.155506730079650879e-01
3.563003838062286377e-01 -3.408901393413543701e-01
7.648227810859680176e-01 1.621049046516418457e-01
-3.475344181060791016e-01 4.626331925392150879e-01
-4.486357271671295166e-01 -2.750052511692047119e-01
5.959707498550415039e-01 9.291090816259384155e-02
-3.522148132324218750e-01 -7.946265935897827148e-01
4.900094270706176758e-01 7.500144839286804199e-01
-6.407321095466613770e-01 4.117582440376281738e-01
7.988627254962921143e-02 -9.864661097526550293e-01
8.445127010345458984e-01 5.848818421363830566e-01
6.123239398002624512e-01 -3.383663594722747803e-01
2.721030414104461670e-01 5.017372965812683105e-01
3.584943339228630066e-02 7.725216150283813477e-01
8.437435030937194824e-01 3.440812230110168457e-01
2.261300086975097656e-01 -6.082988977432250977e-01
-8.676313161849975586e-01 9.195755124092102051e-01
-5.921213030815124512e-01 8.125306367874145508e-01
-2.737658023834228516e-01 -1.898542046546936035e-01
4.829795956611633301e-01 -7.585029304027557373e-02
9.791380167007446289e-01 5.319988131523132324e-01
-4.704197347164154053e-01 3.934054970741271973e-01
-9.079743623733520508e-01 -8.830523490905761719e-01
6.949716210365295410e-01 -4.109062850475311279e-01
-3.967122137546539307e-01 7.230662703514099121e-01
3.665102124214172363e-01 -4.305019974708557129e-01
3.310344219207763672e-01 -2.188940942287445068e-01
-5.442270636558532715e-01 2.752272486686706543e-01
-8.790829777717590332e-02 6.740233898162841797e-01
-9.922995418310165405e-02 7.140428423881530762e-01
7.760826349258422852e-01 6.828082203865051270e-01
-4.101786315441131592e-01 5.832630991935729980e-01
1.114242970943450928e-01 3.722861111164093018e-01
-7.503884434700012207e-01 -2.889763116836547852e-01
-6.469946503639221191e-01 7.112172842025756836e-01
-4.008860290050506592e-01 9.266309142112731934e-01
-7.606623172760009766e-01 7.820811867713928223e-01
-4.408383369445800781e-01 -6.490866541862487793e-01
-4.347350597381591797e-01 -9.336330890655517578e-01
-6.130667328834533691e-01 1.970762312412261963e-01
-2.326118201017379761e-01 9.735263586044311523e-01
-9.211245924234390259e-02 -1.732437759637832642e-01
-1.674684286117553711e-01 -7.148215770721435547e-01
-8.652566075325012207e-01 -8.929334878921508789e-01
-1.887857764959335327e-01 7.774416208267211914e-01
-5.083742141723632812e-01 6.349985003471374512e-01
-4.960242807865142822e-01 1.644255220890045166e-01
6.494928002357482910e-01 -2.005472034215927124e-01
6.774778962135314941e-01 -7.099408507347106934e-01
-3.800303637981414795e-01 -6.763018965721130371e-01
-9.473135694861412048e-03 -5.363160967826843262e-01
3.291371166706085205e-01 -7.048098444938659668e-01
2.039966918528079987e-02 -4.938600957393646240e-01
3.582066595554351807e-01 -8.519464731216430664e-01
-3.999849259853363037e-01 6.010792255401611328e-01
-6.739346981048583984e-01 5.019188523292541504e-01
4.317930638790130615e-01 -4.933378696441650391e-01
1.783881336450576782e-01 -2.233963757753372192e-01
6.518047451972961426e-01 -1.424228101968765259e-01
6.681298017501831055e-01 -5.626493692398071289e-01
3.344059884548187256e-01 7.733696699142456055e-01
9.218777418136596680e-01 -5.089970231056213379e-01
-5.160956978797912598e-01 -2.019258886575698853e-01
-1.534366160631179810e-01 4.258855581283569336e-01
5.642546415328979492e-01 -2.979170382022857666e-01
-8.953284025192260742e-01 -4.821209907531738281e-01
-1.515611261129379272e-01 7.643194496631622314e-02
-2.758898735046386719e-01 6.898477077484130859e-01
9.148874878883361816e-01 -9.881593585014343262e-01
2.814556658267974854e-01 6.496309638023376465e-01
-9.601750969886779785e-01 3.585229516029357910e-01
-8.940763473510742188e-01 -3.123988211154937744e-01
7.619035840034484863e-01 9.767341613769531250e-01
-6.681377887725830078e-01 2.401080280542373657e-01
-3.280111551284790039e-01 -5.028920173645019531e-01
-7.597508281469345093e-02 4.320086538791656494e-01
-8.297677636146545410e-01 -4.143201112747192383e-01
-7.984651923179626465e-01 -1.846157908439636230e-01
1.930759996175765991e-01 -5.000666379928588867e-01
-5.626108050346374512e-01 2.773988842964172363e-01
5.155041813850402832e-01 -6.116737127304077148e-01
4.008986055850982666e-01 8.234014362096786499e-02
-1.052167862653732300e-01 -2.438162267208099365e-01
6.089513301849365234e-01 7.465885281562805176e-01
-5.676377415657043457e-01 1.332395970821380615e-01
-7.565503716468811035e-01 1.092650368809700012e-01
7.175862789154052734e-01 8.971161395311355591e-02
9.259561896324157715e-01 -4.050040245056152344e-01
-3.337939083576202393e-01 6.977112293243408203e-01
7.397022247314453125e-01 -4.501150846481323242e-01
-4.548134207725524902e-01 -9.196857810020446777e-01
-5.424110889434814453e-01 -9.775131940841674805e-01
-2.366547435522079468e-01 -3.864272534847259521e-01
-4.280268251895904541e-01 1.121160909533500671e-01
4.399407804012298584e-01 -7.510788440704345703e-01
-2.811584472656250000e-01 8.906884789466857910e-01
-6.155087351799011230e-01 7.122462987899780273e-01
2.057933248579502106e-02 9.136945009231567383e-01
6.303552985191345215e-01 -5.585324764251708984e-01
-2.015607208013534546e-01 -5.929953604936599731e-02
5.794211626052856445e-01 -5.595507025718688965e-01
7.244793772697448730e-01 -3.205787017941474915e-02
-5.123516321182250977e-01 5.132325887680053711e-01
-7.985113263130187988e-01 -9.049804806709289551e-01
-5.809087678790092468e-02 -8.702878355979919434e-01
4.753036201000213623e-01 -7.406680583953857422e-01
-6.346323490142822266e-01 2.863805294036865234e-01
-9.680325388908386230e-01 -5.452129244804382324e-01
-8.077476620674133301e-01 2.214649170637130737e-01
-8.415611386299133301e-01 -8.709393143653869629e-01
-7.229629158973693848e-01 4.124077856540679932e-01
7.504771351814270020e-01 1.972114145755767822e-01
-7.319846749305725098e-01 1.162722185254096985e-01
2.302257269620895386e-01 9.206420183181762695e-02
-1.113638505339622498e-01 9.623298048973083496e-01
-6.445785164833068848e-01 1.039912924170494080e-01
5.112082958221435547e-01 -8.940151929855346680e-01
-5.581507086753845215e-01 3.186900019645690918e-01
7.496355772018432617e-01 9.387694001197814941e-01
8.490670919418334961e-01 -7.088478803634643555e-01
1.994273662567138672e-01 6.532965898513793945e-01
-8.832926750183105469e-01 4.282387197017669678e-01
1.026766523718833923e-01 8.715615272521972656e-01
-1.333017349243164062e-01 -3.796671926975250244e-01
-1.433933228254318237e-01 4.783954024314880371e-01
1.000235155224800110e-01 9.979845881462097168e-01
-8.439695835113525391e-01 6.648462265729904175e-02
-1.643375903367996216e-01 7.159369587898254395e-01
-3.066404461860656738e-01 5.605475306510925293e-01
6.944100260734558105e-01 9.565724134445190430e-01
3.637725412845611572e-01 8.395472168922424316e-01
2.508117631077766418e-02 -3.590197563171386719e-01
-8.397660255432128906e-01 -5.138427019119262695e-01
-7.281935811042785645e-01 8.854814767837524414e-01
7.619689702987670898e-01 -8.553891777992248535e-01
3.466581702232360840e-01 -2.701970338821411133e-01
5.283282995223999023e-01 -2.997067868709564209e-01
6.743023395538330078e-01 -2.030089050531387329e-01
1.761922985315322876e-01 -3.807429373264312744e-01
9.478471279144287109e-01 -6.411868333816528320e-01
-5.710296034812927246e-01 6.944498419761657715e-01
-4.620816707611083984e-01 6.166677474975585938e-01
-7.755801081657409668e-03 8.625294566154479980e-01
-1.254080384969711304e-01 -9.582844376564025879e-01
9.933904409408569336e-01 -1.611154675483703613e-01
-1.070283427834510803e-01 3.946444019675254822e-02
8.510819673538208008e-01 -7.450494766235351562e-01
7.713624835014343262e-01 2.539693117141723633e-01
8.859109878540039062e-01 -3.198763132095336914e-01
5.976668596267700195e-01 6.313413381576538086e-01
7.067405581474304199e-01 8.518610596656799316e-01
3.067566156387329102e-01 2.487680464982986450e-01
-5.707529187202453613e-01 9.504777789115905762e-01
2.913075089454650879e-01 -7.491400837898254395e-01
3.638679087162017822e-01 9.753195047378540039e-01
1.616715081036090851e-02 -9.113582372665405273e-01
7.472667694091796875e-01 6.057398915290832520e-01
9.307768344879150391e-01 3.667613565921783447e-01
-6.746536493301391602e-01 5.403855443000793457e-01
-7.431852817535400391e-01 -9.463421702384948730e-01
6.442257761955261230e-01 4.668853878974914551e-01
5.358135104179382324e-01 9.617682099342346191e-01
8.117467761039733887e-01 3.391942381858825684e-01
6.434087455272674561e-02 -8.568168878555297852e-01
2.154189050197601318e-01 -2.946939133107662201e-02
-8.456736207008361816e-01 9.554984569549560547e-01
-4.988450109958648682e-01 -3.690062761306762695e-01
9.974057674407958984e-01 5.228099822998046875e-01
4.552930891513824463e-01 5.729441642761230469e-01
-6.935912966728210449e-01 5.408243536949157715e-01
6.353966593742370605e-01 7.485489249229431152e-01
-1.974127814173698425e-02 6.868479847908020020e-01
9.826250076293945312e-01 -1.374003440141677856e-01
-6.790913939476013184e-01 -1.350159049034118652e-01
-6.982584595680236816e-01 5.363847613334655762e-01
6.733318567276000977e-01 3.443677127361297607e-01
1.427405327558517456e-01 9.077837467193603516e-01
-7.707542181015014648e-01 -7.547357082366943359e-01
-7.963156700134277344e-01 -2.983032539486885071e-02
3.153733611106872559e-01 7.993778586387634277e-01
1.259040553122758865e-02 4.888942837715148926e-01
-1.988161355257034302e-02 -3.260132074356079102e-01
2.784862816333770752e-01 7.840790152549743652e-01
-6.367606520652770996e-01 -6.472171843051910400e-02
-8.580283522605895996e-01 5.437321662902832031e-01
3.946169912815093994e-01 -3.141169846057891846e-01
3.511942327022552490e-01 -1.585659235715866089e-01
-4.155465066432952881e-01 -3.614891171455383301e-01
-7.889281511306762695e-01 6.632634401321411133e-01
-8.544228076934814453e-01 -8.656263351440429688e-02
-2.483107000589370728e-01 -6.712443232536315918e-01
5.984194278717041016e-01 7.035692334175109863e-01
5.853146910667419434e-01 -1.374358087778091431e-01
-1.764207184314727783e-01 1.070661246776580811e-01
1.147273555397987366e-01 -8.213271498680114746e-01
2.104753553867340088e-01 9.410324096679687500e-01
-9.264726638793945312e-01 5.052818655967712402e-01
-7.179505228996276855e-01 -3.990710377693176270e-01
9.141383767127990723e-01 -3.271789550781250000e-01
7.820345163345336914e-01 -1.799740791320800781e-01
