6.158840656280517578e-01 5.902482271194458008e-01 5.051815509796142578e-01 8.243082165718078613e-01 7.182946205139160156e-01
2.389735355973243713e-02 1.443893760442733765e-01 5.402927100658416748e-02 7.849373221397399902e-01 6.861281394958496094e-01
6.186891198158264160e-01 5.926371216773986816e-01 5.072332620620727539e-01 8.261820673942565918e-01 7.206192016601562500e-01
5.334294438362121582e-01 5.208545327186584473e-01 4.469263851642608643e-01 7.642285227775573730e-01 6.476106047630310059e-01
4.939533472061157227e-01 4.886816740036010742e-01 4.199859499931335449e-01 7.327519059181213379e-01 6.145678758621215820e-01
4.990138486027717590e-02 2.326706945896148682e-01 8.612878620624542236e-02 9.465434551239013672e-01 8.999800682067871094e-01
3.744927048683166504e-02 2.105699926614761353e-01 7.250835746526718140e-02 9.245055913925170898e-01 8.651642203330993652e-01
9.217566996812820435e-02 2.859417200088500977e-01 1.244008019566535950e-01 9.751920700073242188e-01 9.492269158363342285e-01
2.216201424598693848e-01 3.823432624340057373e-01 2.126149982213973999e-01 9.927440881729125977e-01 9.832356572151184082e-01
2.313899844884872437e-01 3.879221379756927490e-01 2.184877395629882812e-01 9.932142496109008789e-01 9.842251539230346680e-01
1.939227059483528137e-02 8.611993491649627686e-02 4.545055702328681946e-02 4.609298408031463623e-01 3.816624581813812256e-01
5.131053924560546875e-01 5.040002465248107910e-01 4.330259859561920166e-01 7.479591965675354004e-01 6.298126578330993652e-01
6.091311573982238770e-01 5.845065712928771973e-01 5.002644062042236328e-01 8.197533488273620605e-01 7.126768827438354492e-01
5.369678735733032227e-01 5.238054990768432617e-01 4.493597447872161865e-01 7.670121192932128906e-01 6.507278084754943848e-01
3.705396503210067749e-02 2.097971886396408081e-01 7.204806804656982422e-02 9.235696792602539062e-01 8.637321591377258301e-01
2.565560489892959595e-02 1.648467183113098145e-01 5.707219243049621582e-02 8.434712886810302734e-01 7.543632984161376953e-01
5.849359184503555298e-02 2.455760836601257324e-01 9.472623467445373535e-02 9.559381604194641113e-01 9.155398011207580566e-01
6.183390021324157715e-01 5.923387408256530762e-01 5.069767832756042480e-01 8.259486556053161621e-01 7.203293442726135254e-01
1.507981866598129272e-01 3.364750444889068604e-01 1.675267070531845093e-01 9.872275590896606445e-01 9.720261693000793457e-01
5.350440740585327148e-01 5.222007632255554199e-01 4.480362236499786377e-01 7.655008435249328613e-01 6.490334272384643555e-01
2.786703221499919891e-02 1.836772859096527100e-01 6.051185354590415955e-02 8.830691576004028320e-01 8.052385449409484863e-01
5.778962373733520508e-01 5.581027269363403320e-01 4.778948128223419189e-01 7.978590130805969238e-01 6.862906217575073242e-01
4.654668271541595459e-01 4.671010375022888184e-01 4.006957113742828369e-01 7.107111811637878418e-01 5.948874354362487793e-01
2.462397664785385132e-01 3.961486518383026123e-01 2.273014187812805176e-01 9.938488602638244629e-01 9.855718612670898438e-01
4.171769022941589355e-01 4.315333068370819092e-01 3.683427274227142334e-01 6.726782321929931641e-01 5.632874965667724609e-01
4.919062852859497070e-01 4.870972633361816406e-01 4.185941219329833984e-01 7.311608791351318359e-01 6.130806207656860352e-01
1.393810212612152100e-01 3.278463780879974365e-01 1.596802771091461182e-01 9.857441782951354980e-01 9.691118597984313965e-01
2.426466792821884155e-01 3.941844701766967773e-01 2.251804172992706299e-01 9.937033057212829590e-01 9.852618575096130371e-01
8.802942186594009399e-02 2.815990746021270752e-01 1.210098192095756531e-01 9.736680388450622559e-01 9.464545845985412598e-01
2.486549913883209229e-01 3.974600434303283691e-01 2.287233024835586548e-01 9.939439892768859863e-01 9.857748746871948242e-01
3.311639726161956787e-01 3.703616261482238770e-01 3.110269308090209961e-01 6.051207780838012695e-01 5.123196840286254883e-01
2.200579494237899780e-01 3.814379572868347168e-01 2.116699367761611938e-01 9.926645159721374512e-01 9.830689430236816406e-01
5.657457113265991211e-01 5.478895306587219238e-01 4.693412780761718750e-01 7.889621257781982422e-01 6.758455038070678711e-01
7.704450935125350952e-02 2.693536281585693359e-01 1.117122396826744080e-01 9.687681794166564941e-01 9.376800060272216797e-01
2.837887592613697052e-02 1.864521950483322144e-01 6.123526394367218018e-02 8.880636096000671387e-01 8.120387792587280273e-01
5.054278969764709473e-01 4.977495968341827393e-01 4.277960360050201416e-01 7.417909502983093262e-01 6.233931779861450195e-01
6.086596846580505371e-01 5.841062068939208984e-01 4.999223351478576660e-01 8.194330334663391113e-01 7.122835516929626465e-01
1.975761353969573975e-01 3.679603934288024902e-01 1.978631913661956787e-01 9.913623929023742676e-01 9.803633093833923340e-01
5.329211354255676270e-01 5.204308629035949707e-01 4.465771913528442383e-01 7.638272047042846680e-01 6.471626758575439453e-01
4.903750121593475342e-01 4.859172403812408447e-01 4.175534546375274658e-01 7.299734354019165039e-01 6.119808554649353027e-01
5.748083591461181641e-01 5.555044412612915039e-01 4.757138192653656006e-01 7.956185340881347656e-01 6.836456656455993652e-01
4.598859697580337524e-02 2.261809706687927246e-01 8.201525360345840454e-02 9.409376978874206543e-01 8.909133076667785645e-01
8.981563150882720947e-02 2.834870815277099609e-01 1.224780380725860596e-01 9.743433594703674316e-01 9.476802945137023926e-01
2.518884465098381042e-02 1.597044616937637329e-01 5.628518387675285339e-02 8.305472135543823242e-01 7.386881709098815918e-01
4.623166918754577637e-01 4.647533297538757324e-01 3.985733687877655029e-01 7.082641124725341797e-01 5.927836894989013672e-01
4.504458904266357422e-01 4.559459090232849121e-01 3.905929327011108398e-01 6.989973187446594238e-01 5.849139094352722168e-01
5.277486443519592285e-01 5.161234140396118164e-01 4.430290460586547852e-01 7.597237825393676758e-01 6.426029205322265625e-01
8.485466986894607544e-02 2.781760096549987793e-01 1.183715611696243286e-01 9.723921418190002441e-01 9.441498517990112305e-01
6.070670485496520996e-01 5.827541947364807129e-01 4.987676143646240234e-01 8.183487057685852051e-01 7.109537124633789062e-01
1.905521750450134277e-02 8.009070903062820435e-02 4.469257220625877380e-02 4.093921780586242676e-01 3.393828272819519043e-01
6.101322174072265625e-01 5.853568911552429199e-01 5.009914636611938477e-01 8.204324841499328613e-01 7.135115861892700195e-01
2.327768951654434204e-01 3.887029290199279785e-01 2.193164378404617310e-01 9.932772517204284668e-01 9.843585491180419922e-01
2.201195061206817627e-02 1.205599978566169739e-01 5.057314038276672363e-02 6.859108209609985352e-01 5.829502940177917480e-01
5.424499511718750000e-01 5.283822417259216309e-01 4.531390070915222168e-01 7.712888121604919434e-01 6.555481553077697754e-01
3.157834708690643311e-02 1.976460665464401245e-01 6.543299555778503418e-02 9.067605733871459961e-01 8.385675549507141113e-01
5.294076204299926758e-01 5.175041556358337402e-01 4.441660940647125244e-01 7.610437870025634766e-01 6.440653800964355469e-01
3.638945519924163818e-02 2.085383385419845581e-01 7.127472013235092163e-02 9.219340682029724121e-01 8.612161874771118164e-01
6.121314764022827148e-01 5.870559215545654297e-01 5.024453401565551758e-01 8.217847943305969238e-01 7.151766419410705566e-01
2.214804477989673615e-02 1.222564652562141418e-01 5.082657188177108765e-02 6.942810416221618652e-01 5.912032723426818848e-01
6.134230494499206543e-01 5.881541967391967773e-01 5.033859610557556152e-01 8.226553797721862793e-01 7.162508368492126465e-01
6.094256639480590820e-01 5.847567319869995117e-01 5.004782676696777344e-01 8.199533224105834961e-01 7.129225134849548340e-01
2.459991127252578735e-01 3.960176110267639160e-01 2.271596044301986694e-01 9.938393235206604004e-01 9.855513572692871094e-01
2.510859966278076172e-01 3.987728953361511230e-01 2.301513552665710449e-01 9.940377473831176758e-01 9.859752058982849121e-01
4.146507009863853455e-02 2.183322906494140625e-01 7.708480209112167358e-02 9.332111477851867676e-01 8.786455988883972168e-01
2.419323623180389404e-01 3.937920331954956055e-01 2.247578799724578857e-01 9.936738014221191406e-01 9.851990342140197754e-01
4.656569063663482666e-01 4.672431051731109619e-01 4.008239209651947021e-01 7.108592391014099121e-01 5.950151681900024414e-01
6.170538663864135742e-01 5.912441611289978027e-01 5.060365200042724609e-01 8.250909447669982910e-01 7.192646861076354980e-01
5.944217443466186523e-01 5.720429420471191406e-01 4.896570146083831787e-01 8.096145391464233398e-01 7.003338336944580078e-01
2.476870119571685791e-01 3.969353139400482178e-01 2.281537950038909912e-01 9.939060807228088379e-01 9.856939911842346191e-01
5.444121956825256348e-01 5.300218462944030762e-01 4.544946551322937012e-01 7.728089094161987305e-01 6.572703719139099121e-01
2.510859966278076172e-01 3.987728953361511230e-01 2.301513552665710449e-01 9.940377473831176758e-01 9.859752058982849121e-01
5.596288442611694336e-01 5.427583456039428711e-01 4.650630950927734375e-01 7.844004034996032715e-01 6.705492734909057617e-01
3.062356263399124146e-02 1.949242353439331055e-01 6.421719491481781006e-02 9.025159478187561035e-01 8.324117064476013184e-01
2.311409562826156616e-01 3.165715634822845459e-01 2.434240579605102539e-01 5.859296321868896484e-01 5.122368335723876953e-01
4.886642396450042725e-01 4.846036732196807861e-01 4.163913130760192871e-01 7.286489605903625488e-01 6.107631921768188477e-01
6.177550554275512695e-01 5.918413400650024414e-01 5.065494179725646973e-01 8.255591988563537598e-01 7.198457121849060059e-01
4.302794635295867920e-01 4.411053955554962158e-01 3.770890533924102783e-01 6.831005811691284180e-01 5.717322230339050293e-01
2.145247347652912140e-02 1.133758947253227234e-01 4.951511323451995850e-02 6.476876139640808105e-01 5.461179614067077637e-01
6.197971701622009277e-01 5.935814976692199707e-01 5.080451965332031250e-01 8.269192576408386230e-01 7.215360403060913086e-01
4.966598749160766602e-01 4.907901585102081299e-01 4.218271374702453613e-01 7.348632216453552246e-01 6.165680289268493652e-01
2.879728004336357117e-02 1.884535998106002808e-01 6.181230396032333374e-02 8.916056156158447266e-01 8.169366121292114258e-01
5.725027918815612793e-01 5.535656809806823730e-01 4.740886390209197998e-01 7.939366102218627930e-01 6.816666126251220703e-01
5.065643191337585449e-01 4.986665248870849609e-01 4.285699427127838135e-01 7.426990270614624023e-01 6.243193149566650391e-01
5.248171687126159668e-01 5.136860609054565430e-01 4.410219490528106689e-01 7.573831677436828613e-01 6.400210857391357422e-01
2.510859966278076172e-01 3.987728953361511230e-01 2.301513552665710449e-01 9.940377473831176758e-01 9.859752058982849121e-01
5.328257083892822266e-01 5.203513503074645996e-01 4.465116858482360840e-01 7.637519240379333496e-01 6.470786333084106445e-01
1.194595471024513245e-01 2.187438458204269409e-01 1.551677435636520386e-01 5.178186297416687012e-01 4.477333128452301025e-01
2.428851276636123657e-01 3.943152725696563721e-01 2.253213673830032349e-01 9.937130808830261230e-01 9.852826595306396484e-01
6.197388768196105957e-01 5.935317873954772949e-01 5.080024600028991699e-01 8.268805146217346191e-01 7.214878797531127930e-01
6.150644421577453613e-01 5.895506143569946289e-01 5.045830607414245605e-01 8.237586617469787598e-01 7.176144123077392578e-01
2.392490394413471222e-02 1.446507424116134644e-01 5.407618358731269836e-02 7.857514619827270508e-01 6.870202422142028809e-01
8.435244113206863403e-02 2.776262760162353516e-01 1.179507225751876831e-01 9.721808433532714844e-01 9.437694549560546875e-01
1.629734933376312256e-01 3.452141880989074707e-01 1.756781339645385742e-01 9.885585308074951172e-01 9.746727943420410156e-01
2.520627975463867188e-01 3.992983996868133545e-01 2.307243645191192627e-01 9.940748810768127441e-01 9.860544800758361816e-01
5.157278776168823242e-01 5.061584115028381348e-01 4.348138570785522461e-01 7.500748038291931152e-01 6.320715546607971191e-01
2.236403375864028931e-01 3.835084438323974609e-01 2.138345688581466675e-01 9.928451180458068848e-01 9.834476709365844727e-01
2.921168878674507141e-02 1.902496516704559326e-01 6.237530335783958435e-02 8.946673870086669922e-01 8.212055563926696777e-01
4.815657734870910645e-01 4.791961908340454102e-01 4.115756750106811523e-01 7.231650948524475098e-01 6.058049798011779785e-01
3.242330625653266907e-02 1.998144686222076416e-01 6.649186462163925171e-02 9.099506139755249023e-01 8.432344198226928711e-01
6.162936687469482422e-01 5.905969142913818359e-01 5.054808259010314941e-01 8.245825171470642090e-01 7.186344265937805176e-01
4.785864055156707764e-01 4.769428372383117676e-01 4.095577597618103027e-01 7.208646535873413086e-01 6.037574410438537598e-01
2.920250222086906433e-02 1.902285814285278320e-01 6.236350536346435547e-02 8.946304321289062500e-01 8.211528062820434570e-01
1.507981866598129272e-01 3.364750444889068604e-01 1.675267070531845093e-01 9.872275590896606445e-01 9.720261693000793457e-01
5.185496211051940918e-01 5.084890127182006836e-01 4.367390275001525879e-01 7.523497343063354492e-01 6.345247626304626465e-01
4.984890818595886230e-01 4.922249615192413330e-01 4.230719804763793945e-01 7.362965941429138184e-01 6.179454922676086426e-01
6.186307668685913086e-01 5.925874710083007812e-01 5.071905255317687988e-01 8.261431455612182617e-01 7.205708622932434082e-01
2.981830574572086334e-02 1.924321800470352173e-01 6.317653506994247437e-02 8.983893394470214844e-01 8.264815807342529297e-01
3.956699371337890625e-01 4.159361124038696289e-01 3.540152013301849365e-01 6.554669141769409180e-01 5.496648550033569336e-01
6.182222366333007812e-01 5.922393202781677246e-01 5.068913102149963379e-01 8.258708715438842773e-01 7.202326655387878418e-01
5.887373685836791992e-01 5.672408342361450195e-01 4.855934381484985352e-01 8.056150674819946289e-01 6.955244541168212891e-01
1.975691691040992737e-02 7.382448017597198486e-02 4.545318707823753357e-02 3.346103429794311523e-01 2.797587215900421143e-01
1.509643495082855225e-01 3.365973532199859619e-01 1.676394045352935791e-01 9.872473478317260742e-01 9.720652103424072266e-01
4.660067558288574219e-01 4.675039350986480713e-01 4.010596871376037598e-01 7.111299037933349609e-01 5.952488183975219727e-01
4.719783067703247070e-01 4.719714820384979248e-01 4.050893187522888184e-01 7.157577276229858398e-01 5.992657542228698730e-01
2.501116991043090820e-01 3.982475399971008301e-01 2.295793741941452026e-01 9.940004348754882812e-01 9.858953356742858887e-01
6.172292232513427734e-01 5.913934707641601562e-01 5.061647295951843262e-01 8.252080678939819336e-01 7.194100022315979004e-01
5.005465745925903320e-01 4.938493371009826660e-01 4.244724512100219727e-01 7.379161119461059570e-01 6.195229887962341309e-01
6.134220212697982788e-02 2.495560497045516968e-01 9.746230393648147583e-02 9.584443569183349609e-01 9.197768568992614746e-01
9.282892942428588867e-02 2.866133749485015869e-01 1.249296590685844421e-01 9.754187464714050293e-01 9.496411681175231934e-01
6.193891167640686035e-01 5.932336449623107910e-01 5.077461004257202148e-01 8.266479969024658203e-01 7.211984992027282715e-01
5.327308773994445801e-01 5.202722549438476562e-01 4.464465379714965820e-01 7.636768817901611328e-01 6.469948887825012207e-01
2.690781652927398682e-02 1.767803728580474854e-01 5.908367782831192017e-02 8.697037100791931152e-01 7.874931097030639648e-01
5.121658444404602051e-01 5.032292604446411133e-01 4.323857128620147705e-01 7.472014427185058594e-01 6.290094852447509766e-01
5.410133600234985352e-01 5.271823406219482422e-01 4.521475136280059814e-01 7.701723575592041016e-01 6.542863845825195312e-01
5.409195423126220703e-01 5.271040201187133789e-01 4.520828127861022949e-01 7.700993418693542480e-01 6.542037725448608398e-01
5.226864814758300781e-01 5.119167566299438477e-01 4.395647644996643066e-01 7.556759715080261230e-01 6.381474733352661133e-01
2.335150912404060364e-02 1.375098079442977905e-01 5.304394662380218506e-02 7.602072954177856445e-01 6.591123342514038086e-01
4.600938558578491211e-01 4.630993604660034180e-01 3.970769643783569336e-01 7.065340280532836914e-01 5.913029313087463379e-01
5.421688556671142578e-01 5.281474590301513672e-01 4.529449641704559326e-01 7.710705995559692383e-01 6.553014516830444336e-01
2.211729735136032104e-01 3.820845484733581543e-01 2.123446613550186157e-01 9.927213788032531738e-01 9.831882119178771973e-01
5.556487664580345154e-02 2.413382083177566528e-01 9.185685217380523682e-02 9.530780315399169922e-01 9.107506275177001953e-01
6.115576252341270447e-02 2.492996454238891602e-01 9.728481620550155640e-02 9.582878947257995605e-01 9.195111989974975586e-01
4.786534309387207031e-01 4.769937098026275635e-01 4.096032083034515381e-01 7.209166884422302246e-01 6.038035750389099121e-01
2.799221314489841461e-02 1.844060868024826050e-01 6.069179996848106384e-02 8.843645453453063965e-01 8.069840669631958008e-01
2.523074150085449219e-01 3.994298279285430908e-01 2.308677732944488525e-01 9.940840601921081543e-01 9.860742688179016113e-01
2.999779768288135529e-02 1.930394321680068970e-01 6.341130286455154419e-02 8.993989825248718262e-01 8.279221057891845703e-01
5.575730204582214355e-01 5.410352945327758789e-01 4.636291861534118652e-01 7.828546762466430664e-01 6.687636971473693848e-01
2.412194758653640747e-01 3.933996856212615967e-01 2.243359386920928955e-01 9.936441183090209961e-01 9.851359724998474121e-01
4.728519320487976074e-01 4.726269841194152832e-01 4.056795537471771240e-01 7.164335250854492188e-01 5.998561382293701172e-01
2.885707281529903412e-02 1.887892186641693115e-01 6.189569830894470215e-02 8.922043442726135254e-01 8.177704811096191406e-01
6.155329346656799316e-01 5.899493098258972168e-01 5.049250721931457520e-01 8.240728378295898438e-01 7.180032730102539062e-01
2.503550350666046143e-01 3.983788788318634033e-01 2.297222912311553955e-01 9.940097332000732422e-01 9.859154224395751953e-01
2.491681873798370361e-01 3.229459822177886963e-01 2.557877600193023682e-01 5.753684043884277344e-01 5.001352429389953613e-01
5.422625541687011719e-01 5.282257795333862305e-01 4.530096352100372314e-01 7.711433768272399902e-01 6.553837060928344727e-01
2.487040869891643524e-02 1.560520231723785400e-01 5.573870241641998291e-02 8.207038640975952148e-01 7.270030975341796875e-01
6.058858036994934082e-01 5.817517638206481934e-01 4.979122281074523926e-01 8.175422549247741699e-01 7.099662423133850098e-01
5.590155124664306641e-01 5.422441959381103516e-01 4.646351337432861328e-01 7.839399576187133789e-01 6.700168251991271973e-01
5.239775180816650391e-01 5.129886269569396973e-01 4.404475986957550049e-01 7.567111253738403320e-01 6.392824649810791016e-01
3.447224944829940796e-02 2.044439017772674561e-01 6.898903101682662964e-02 9.166303873062133789e-01 8.532083630561828613e-01
5.539438724517822266e-01 5.379953980445861816e-01 4.611027538776397705e-01 7.801105380058288574e-01 6.656048893928527832e-01
4.984213113784790039e-01 4.921720027923583984e-01 4.230258762836456299e-01 7.362437248229980469e-01 6.178950071334838867e-01
1.000592783093452454e-01 2.938360273838043213e-01 1.306916326284408569e-01 9.777145385742187500e-01 9.538649320602416992e-01
5.642803311347961426e-01 5.466596484184265137e-01 4.683147370815277100e-01 7.878744602203369141e-01 6.745789647102355957e-01
3.600006401538848877e-01 3.904467523097991943e-01 3.302712142467498779e-01 6.270760297775268555e-01 5.280914306640625000e-01
2.513299882411956787e-01 3.989042639732360840e-01 2.302945256233215332e-01 9.940470457077026367e-01 9.859949946403503418e-01
4.020080715417861938e-02 2.158773988485336304e-01 7.566019147634506226e-02 9.306260943412780762e-01 8.746212720870971680e-01
1.922775804996490479e-02 8.356298506259918213e-02 4.509874805808067322e-02 4.397476315498352051e-01 3.641735613346099854e-01
2.440796643495559692e-01 3.949697017669677734e-01 2.260271310806274414e-01 9.937619566917419434e-01 9.853866100311279297e-01
4.938131943345069885e-02 2.318403720855712891e-01 8.558993041515350342e-02 9.458647966384887695e-01 8.988743424415588379e-01
1.422050744295120239e-01 3.300232291221618652e-01 1.616408973932266235e-01 9.861356019973754883e-01 9.698773622512817383e-01
2.501116991043090820e-01 3.982475399971008301e-01 2.295793741941452026e-01 9.940004348754882812e-01 9.858953356742858887e-01
2.419014722108840942e-01 3.205405771732330322e-01 2.508573830127716064e-01 5.795758962631225586e-01 5.052103400230407715e-01
2.510859966278076172e-01 3.987728953361511230e-01 2.301513552665710449e-01 9.940377473831176758e-01 9.859752058982849121e-01
2.381468415260314941e-01 3.917013108730316162e-01 2.225139886140823364e-01 9.935140609741210938e-01 9.848597645759582520e-01
3.865375220775604248e-01 4.093620479106903076e-01 3.479370474815368652e-01 6.481581330299377441e-01 5.440027713775634766e-01
5.981169939041137695e-01 5.751687884330749512e-01 4.923090934753417969e-01 8.121899962425231934e-01 7.034485340118408203e-01
2.320827245712280273e-01 3.883124291896820068e-01 2.189018130302429199e-01 9.932458996772766113e-01 9.842920303344726562e-01
5.058212578296661377e-02 2.337483167648315430e-01 8.683069795370101929e-02 9.474099278450012207e-01 9.013949632644653320e-01
5.576652288436889648e-01 5.411125421524047852e-01 4.636934697628021240e-01 7.829241752624511719e-01 6.688438057899475098e-01
5.062647461891174316e-01 4.984245598316192627e-01 4.283659458160400391e-01 7.424594163894653320e-01 6.240742802619934082e-01
1.899237558245658875e-02 7.677043974399566650e-02 4.445225000381469727e-02 3.778829276561737061e-01 3.139698505401611328e-01
4.105354547500610352e-01 4.267016649246215820e-01 3.639153838157653809e-01 6.673725247383117676e-01 5.590453147888183594e-01
6.134220212697982788e-02 2.495560497045516968e-01 9.746230393648147583e-02 9.584443569183349609e-01 9.197768568992614746e-01
3.576298803091049194e-02 2.071526050567626953e-01 7.052964717149734497e-02 9.202263951301574707e-01 8.586391210556030273e-01
2.252206057310104370e-01 3.844155967235565186e-01 2.147866636514663696e-01 9.929226636886596680e-01 9.836107492446899414e-01
2.762248925864696503e-02 1.821642816066741943e-01 6.015802174806594849e-02 8.802576661109924316e-01 8.014529943466186523e-01
3.626461699604988098e-02 2.082899063825607300e-01 7.112787663936614990e-02 9.216229915618896484e-01 8.607428669929504395e-01
4.694480299949645996e-01 4.700760245323181152e-01 4.033809602260589600e-01 7.137989401817321777e-01 5.975596308708190918e-01
5.774811282753944397e-02 2.445119321346282959e-01 9.400144964456558228e-02 9.552391171455383301e-01 9.143648147583007812e-01
2.141065299510955811e-01 3.779538869857788086e-01 2.080535739660263062e-01 9.923496246337890625e-01 9.824104309082031250e-01
5.426679849624633789e-01 5.285643339157104492e-01 4.532895386219024658e-01 7.714579701423645020e-01 6.557397246360778809e-01
4.970964491367340088e-01 4.911316931247711182e-01 4.221242368221282959e-01 7.352047562599182129e-01 6.168944835662841797e-01
2.351012378931045532e-01 3.900055289268493652e-01 2.207026183605194092e-01 9.933812618255615234e-01 9.845784306526184082e-01
6.125426292419433594e-01 5.874055027961730957e-01 5.027446150779724121e-01 8.220621347427368164e-01 7.155187129974365234e-01
4.563614428043365479e-01 4.603273570537567139e-01 3.945664763450622559e-01 7.036235928535461426e-01 5.888240933418273926e-01
4.278426468372344971e-01 4.393201768398284912e-01 3.754609823226928711e-01 6.811638474464416504e-01 5.701510310173034668e-01
6.171122789382934570e-01 5.912939310073852539e-01 5.060791969299316406e-01 8.251299858093261719e-01 7.193131446838378906e-01
1.841602921485900879e-01 3.594655096530914307e-01 1.894138902425765991e-01 9.904142022132873535e-01 9.784199595451354980e-01
3.259119987487792969e-01 3.667777776718139648e-01 3.075124621391296387e-01 6.013252735137939453e-01 5.097010731697082520e-01
5.801320672035217285e-01 5.599852800369262695e-01 4.794772565364837646e-01 7.994724512100219727e-01 6.882016062736511230e-01
5.196523070335388184e-01 5.094014406204223633e-01 4.374918043613433838e-01 7.532375454902648926e-01 6.354876160621643066e-01
2.884780615568161011e-02 1.886938214302062988e-01 6.188279390335083008e-02 8.919804692268371582e-01 8.174475431442260742e-01
6.042890548706054688e-01 5.803974270820617676e-01 4.967574477195739746e-01 8.164490461349487305e-01 7.086299061775207520e-01
2.545589022338390350e-02 1.626801490783691406e-01 5.673709139227867126e-02 8.381829857826232910e-01 7.479085326194763184e-01
2.112831324338912964e-01 3.762808442115783691e-01 2.063286453485488892e-01 9.921931624412536621e-01 9.820843338966369629e-01
2.525521516799926758e-01 3.995612859725952148e-01 2.310111969709396362e-01 9.940932393074035645e-01 9.860939979553222656e-01
1.140516698360443115e-01 3.068439364433288574e-01 1.414156705141067505e-01 9.812669754028320312e-01 9.605116248130798340e-01
5.193089842796325684e-01 5.091173052787780762e-01 4.372574388980865479e-01 7.529613375663757324e-01 6.351877450942993164e-01
2.355680316686630249e-01 3.902662694454193115e-01 2.209805846214294434e-01 9.934018254280090332e-01 9.846220016479492188e-01
2.436013668775558472e-01 3.947078585624694824e-01 2.257446199655532837e-01 9.937424063682556152e-01 9.853451848030090332e-01
