9.872274525646318466e-11 2.120110593750723638e-06 9.538438320159912109e-01 6.742198365827789530e-06 0.000000000000000000e+00
8.190881013870239258e-01 9.450893402099609375e-01 9.734088089317083359e-04 3.432796150445938110e-02 1.000000000000000000e+00
1.673784374989217838e-11 6.712331810376781505e-07 9.769920110702514648e-01 3.628589865911635570e-06 0.000000000000000000e+00
1.564853505442442838e-06 1.116457628086209297e-03 2.898479700088500977e-01 1.972419995581731200e-04 5.390123275697536888e-34
1.646845339564606547e-04 2.234046533703804016e-02 5.809962376952171326e-02 1.001467695459723473e-03 2.936240758557494888e-21
9.998026490211486816e-01 9.993861913681030273e-01 5.642104588332585990e-05 2.919281423091888428e-01 1.000000000000000000e+00
9.987641572952270508e-01 9.979858398437500000e-01 1.188337409985251725e-04 1.784480810165405273e-01 1.000000000000000000e+00
9.999902248382568359e-01 9.999123811721801758e-01 1.667449396336451173e-05 5.405709743499755859e-01 1.000000000000000000e+00
1.000000000000000000e+00 9.999990463256835938e-01 1.015933435155602638e-06 9.288906455039978027e-01 1.000000000000000000e+00
1.000000000000000000e+00 9.999995231628417969e-01 6.656152891082456335e-07 9.494798779487609863e-01 1.000000000000000000e+00
4.874369204044342041e-01 8.622709512710571289e-01 1.832047244533896446e-03 2.020070701837539673e-02 9.993046522140502930e-01
1.444218287360854447e-05 4.696622025221586227e-03 1.420964598655700684e-01 4.283978778403252363e-04 6.460042330758622214e-28
8.196373024738079494e-10 8.357428669114597142e-06 8.974816799163818359e-01 1.411566790920915082e-05 0.000000000000000000e+00
1.139182131737470627e-06 9.090231033042073250e-04 3.170667290687561035e-01 1.765521010383963585e-04 7.298301189088692645e-35
9.986593723297119141e-01 9.978770017623901367e-01 1.228245237143710256e-04 1.743196696043014526e-01 1.000000000000000000e+00
9.026979804039001465e-01 9.647871255874633789e-01 7.277274853549897671e-04 4.367102310061454773e-02 1.000000000000000000e+00
9.999139308929443359e-01 9.996415376663208008e-01 4.028175681014545262e-05 3.552229404449462891e-01 1.000000000000000000e+00
2.243747722341371542e-11 8.116284675452334341e-07 9.741615056991577148e-01 4.019485459139104933e-06 0.000000000000000000e+00
9.999992847442626953e-01 9.999847412109375000e-01 5.586894985754042864e-06 7.508829236030578613e-01 1.000000000000000000e+00
1.351563696516677737e-06 1.015416579321026802e-03 3.022389113903045654e-01 1.874076406238600612e-04 2.141950219813611075e-34
9.676986336708068848e-01 9.832126498222351074e-01 4.523672105278819799e-04 6.433362513780593872e-02 1.000000000000000000e+00
4.079572590853786096e-08 1.051515500876121223e-04 6.419546604156494141e-01 5.522303035832010210e-05 0.000000000000000000e+00
1.105421804822981358e-03 7.281427085399627686e-02 2.768562547862529755e-02 1.945535419508814812e-03 4.764892788737236720e-16
1.000000000000000000e+00 9.999998807907104492e-01 2.122344966437594849e-07 9.804849028587341309e-01 1.000000000000000000e+00
4.845538642257452011e-03 1.702212989330291748e-01 1.536758430302143097e-02 3.259112825617194176e-03 5.376250226257761611e-12
2.018467203015461564e-04 2.541013062000274658e-02 5.374158173799514771e-02 1.075129956007003784e-03 1.057897360486049325e-20
9.999989271163940430e-01 9.999787807464599609e-01 6.856801519461441785e-06 7.164918184280395508e-01 1.000000000000000000e+00
1.000000000000000000e+00 9.999998807907104492e-01 3.092944780291873030e-07 9.732179045677185059e-01 1.000000000000000000e+00
9.999878406524658203e-01 9.998989105224609375e-01 1.823009733925573528e-05 5.214639902114868164e-01 1.000000000000000000e+00
1.000000000000000000e+00 1.000000000000000000e+00 1.525266100088629173e-07 9.852412343025207520e-01 1.000000000000000000e+00
2.298544347286224365e-02 3.628058433532714844e-01 8.168721571564674377e-03 5.634936038404703140e-03 1.093867894041977706e-07
1.000000000000000000e+00 9.999989271163940430e-01 1.078176637747674249e-06 9.254366755485534668e-01 1.000000000000000000e+00
1.110373446522316954e-07 2.011842152569442987e-04 5.442648530006408691e-01 7.832890696590766311e-05 0.000000000000000000e+00
9.999772310256958008e-01 9.998482465744018555e-01 2.351034163439180702e-05 4.668185412883758545e-01 1.000000000000000000e+00
9.752665758132934570e-01 9.859121441841125488e-01 4.046602698508650064e-04 7.035423070192337036e-02 1.000000000000000000e+00
4.060855644638650119e-05 9.137518703937530518e-03 9.818696975708007812e-02 6.144907092675566673e-04 4.345370778042670928e-25
9.037463000183265649e-10 8.903630259737838060e-06 8.937764167785644531e-01 1.460535622754832730e-05 0.000000000000000000e+00
9.999998807907104492e-01 9.999967813491821289e-01 2.115285724357818253e-06 8.742268681526184082e-01 1.000000000000000000e+00
1.643183509258960839e-06 1.152322394773364067e-03 2.857851386070251465e-01 2.006334834732115269e-04 7.331538980624414009e-34
2.327436232008039951e-04 2.779951505362987518e-02 5.087637901306152344e-02 1.129890559241175652e-03 2.594775593375489996e-20
5.293556171181990067e-08 1.244876621058210731e-04 6.173098087310791016e-01 6.048026625649072230e-05 0.000000000000000000e+00
9.996862411499023438e-01 9.991710186004638672e-01 6.811051571276038885e-05 2.596037685871124268e-01 1.000000000000000000e+00
9.999889135360717773e-01 9.999051094055175781e-01 1.752156276779714972e-05 5.299671292304992676e-01 1.000000000000000000e+00
8.826687932014465332e-01 9.598688483238220215e-01 7.922902586869895458e-04 4.071477800607681274e-02 1.000000000000000000e+00
1.264134072698652744e-03 7.891416549682617188e-02 2.625548280775547028e-02 2.038748236373066902e-03 1.110307622040763564e-15
1.960658235475420952e-03 1.022653952240943909e-01 2.206038124859333038e-02 2.376106334850192070e-03 1.769343576003574309e-14
2.699884134926833212e-06 1.589089632034301758e-03 2.464829683303833008e-01 2.386028936598449945e-04 1.672729195904084388e-32
9.999855756759643555e-01 9.998871088027954102e-01 1.953966966539155692e-05 5.065566301345825195e-01 1.000000000000000000e+00
1.251591386086658986e-09 1.099549990613013506e-05 8.805624842643737793e-01 1.636368506297003478e-05 0.000000000000000000e+00
4.365811944007873535e-01 8.457388281822204590e-01 1.990487100556492805e-03 1.883316598832607269e-02 9.974792599678039551e-01
6.525749940422542750e-10 7.209731393231777474e-06 9.056849479675292969e-01 1.303596309298882261e-05 0.000000000000000000e+00
1.000000000000000000e+00 9.999995231628417969e-01 6.148800935079634655e-07 9.526531100273132324e-01 1.000000000000000000e+00
7.039250731468200684e-01 9.189473390579223633e-01 1.263833837583661079e-03 2.760585583746433258e-02 9.999978542327880859e-01
7.104606538632651791e-07 6.695581832900643349e-04 3.599271774291992188e-01 1.497264311183243990e-04 3.730692551273210067e-36
9.940083026885986328e-01 9.944003224372863770e-01 2.259140164824202657e-04 1.110898777842521667e-01 1.000000000000000000e+00
2.294231535415747203e-06 1.430187956430017948e-03 2.589586079120635986e-01 2.254221326438710093e-04 5.999350314482553996e-33
9.984418749809265137e-01 9.976598024368286133e-01 1.305640762438997626e-04 1.668813675642013550e-01 1.000000000000000000e+00
3.875829657218332613e-10 5.143775069882394746e-06 9.222613573074340820e-01 1.086807333194883540e-05 0.000000000000000000e+00
7.127540111541748047e-01 9.209865331649780273e-01 1.242130412720143795e-03 2.800920791923999786e-02 9.999983310699462891e-01
2.579850777451042632e-10 3.951131930080009624e-06 9.333081245422363281e-01 9.428465091332327574e-06 0.000000000000000000e+00
7.679598623688832504e-10 8.012039870664011687e-06 8.998878598213195801e-01 1.379836521664401516e-05 0.000000000000000000e+00
1.000000000000000000e+00 9.999998807907104492e-01 2.179182416739422479e-07 9.800450205802917480e-01 1.000000000000000000e+00
1.000000000000000000e+00 1.000000000000000000e+00 9.478688411945768166e-08 9.901491403579711914e-01 1.000000000000000000e+00
9.993983507156372070e-01 9.987363219261169434e-01 8.871184400049969554e-05 2.183368355035781860e-01 1.000000000000000000e+00
1.000000000000000000e+00 9.999998807907104492e-01 3.282440275143017061e-07 9.718518257141113281e-01 1.000000000000000000e+00
1.096469466574490070e-03 7.245889306068420410e-02 2.777469344437122345e-02 1.940024783834815025e-03 4.526755828363794587e-16
5.405021916149443939e-11 1.434857040294446051e-06 9.634883999824523926e-01 5.463463821797631681e-06 0.000000000000000000e+00
8.008188778774183447e-09 3.661016671685501933e-05 7.763573527336120605e-01 3.128110256511718035e-05 0.000000000000000000e+00
1.000000000000000000e+00 9.999998807907104492e-01 1.752278677713547950e-07 9.834011793136596680e-01 1.000000000000000000e+00
6.037151365489989985e-07 6.025498732924461365e-04 3.752850294113159180e-01 1.414546422893181443e-04 1.338036632155506627e-36
1.000000000000000000e+00 1.000000000000000000e+00 9.416268653694714885e-08 9.902044534683227539e-01 1.000000000000000000e+00
1.794970785340410657e-07 2.746274112723767757e-04 4.956540763378143311e-01 9.262670937459915876e-05 0.000000000000000000e+00
9.914149641990661621e-01 9.929289221763610840e-01 2.616808633320033550e-04 9.920195490121841431e-02 1.000000000000000000e+00
1.297975480556488037e-01 6.533333659172058105e-01 3.877311479300260544e-03 1.068310346454381943e-02 1.216922421008348465e-02
2.705616934690624475e-04 3.056248836219310760e-02 4.800495505332946777e-02 1.190812559798359871e-03 6.699189085755213688e-20
3.539618945169742403e-11 1.090599766939703841e-06 9.690731167793273926e-01 4.712894678959855810e-06 0.000000000000000000e+00
3.532109782099723816e-03 1.430956572294235229e-01 1.744385063648223877e-02 2.918182406574487686e-03 7.279517158335913063e-13
6.648384928703308105e-01 9.097630977630615234e-01 1.360098249278962612e-03 2.595820277929306030e-02 9.999932050704956055e-01
4.624939754088730481e-12 2.916493713200907223e-07 9.862191081047058105e-01 2.315944129804847762e-06 0.000000000000000000e+00
1.228560286108404398e-04 1.854769326746463776e-02 6.496025621891021729e-02 9.041624143719673157e-04 4.636742142465565130e-22
9.801289439201354980e-01 9.877915382385253906e-01 3.695314808283001184e-04 7.564064860343933105e-02 1.000000000000000000e+00
6.435720223407770391e-08 1.412889687344431877e-04 5.984138250350952148e-01 6.474909605458378792e-05 0.000000000000000000e+00
3.478943835943937302e-05 8.273205719888210297e-03 1.038866415619850159e-01 5.822087987326085567e-04 1.640481858428177139e-25
3.648838173830881715e-06 1.930966507643461227e-03 2.244900614023208618e-01 2.650521055329591036e-04 1.114988717849587314e-31
1.000000000000000000e+00 1.000000000000000000e+00 9.110282661595192621e-08 9.904762506484985352e-01 1.000000000000000000e+00
1.656614472267392557e-06 1.158410566858947277e-03 2.851113080978393555e-01 2.012043551076203585e-04 7.717226023968899180e-34
2.049228399991989136e-01 7.287296652793884277e-01 3.107934026047587395e-03 1.290173176676034927e-02 2.784969210624694824e-01
1.000000000000000000e+00 9.999998807907104492e-01 3.052342947285069386e-07 9.735125899314880371e-01 1.000000000000000000e+00
4.936159987700694529e-12 3.042221123905619606e-07 9.858552813529968262e-01 2.369201411056565121e-06 0.000000000000000000e+00
1.412455846727667108e-10 2.674064489838201553e-06 9.470052719116210938e-01 7.640252988494466990e-06 0.000000000000000000e+00
8.199911117553710938e-01 9.452943205833435059e-01 9.710023296065628529e-04 3.439868986606597900e-02 1.000000000000000000e+00
9.999850988388061523e-01 9.998846054077148438e-01 1.979957960429601371e-05 5.037149786949157715e-01 1.000000000000000000e+00
9.999996423721313477e-01 9.999893903732299805e-01 4.448118943400913849e-06 7.857375741004943848e-01 1.000000000000000000e+00
1.000000000000000000e+00 1.000000000000000000e+00 7.040846838890502113e-08 9.923553466796875000e-01 1.000000000000000000e+00
1.034387150866677985e-05 3.786540357396006584e-03 1.594212055206298828e-01 3.812973736785352230e-04 7.894560777591382234e-29
1.000000000000000000e+00 9.999990463256835938e-01 9.447171578358393162e-07 9.329113364219665527e-01 1.000000000000000000e+00
9.837284684181213379e-01 9.892838597297668457e-01 3.402487491257488728e-04 8.076052367687225342e-02 1.000000000000000000e+00
4.629342292901128531e-04 4.274798557162284851e-02 3.896719589829444885e-02 1.436139922589063644e-03 1.975072797072971304e-18
9.954687356948852539e-01 9.953277111053466797e-01 2.015841891989111900e-04 1.211473941802978516e-01 1.000000000000000000e+00
8.120214223250599161e-11 1.867967625912569929e-06 9.572114944458007812e-01 6.297669642663095146e-06 0.000000000000000000e+00
5.604783073067665100e-04 4.811890050768852234e-02 3.616176173090934753e-02 1.535176765173673630e-03 6.589248381293820068e-18
9.836632013320922852e-01 9.892559051513671875e-01 3.408110351301729679e-04 8.065509796142578125e-02 1.000000000000000000e+00
9.999992847442626953e-01 9.999847412109375000e-01 5.586894985754042864e-06 7.508829236030578613e-01 1.000000000000000000e+00
7.348480266955448315e-06 3.036255715414881706e-03 1.789036840200424194e-01 3.384108131285756826e-04 9.165430639915094482e-30
9.942285396391525865e-05 1.620884053409099579e-02 7.037641108036041260e-02 8.398158825002610683e-04 1.222630021017589454e-22
1.729183636556275161e-11 6.855487413304217625e-07 9.766930937767028809e-01 3.670074192996253259e-06 0.000000000000000000e+00
9.878113865852355957e-01 9.911210536956787109e-01 3.021092270500957966e-04 8.868901431560516357e-02 1.000000000000000000e+00
7.592007517814636230e-03 2.156401723623275757e-01 1.282622944563627243e-02 3.813802031800150871e-03 9.252234395296099478e-11
2.473995140694906780e-11 8.646729270367359277e-07 9.731446504592895508e-01 4.158927367825526744e-06 0.000000000000000000e+00
1.486705158981749264e-08 5.466716174851171672e-05 7.297777533531188965e-01 3.882229793816804886e-05 0.000000000000000000e+00
3.463236391544342041e-01 8.107929229736328125e-01 2.321776933968067169e-03 1.653096824884414673e-02 9.730440378189086914e-01
9.999992847442626953e-01 9.999847412109375000e-01 5.568469077843474224e-06 7.514141798019409180e-01 1.000000000000000000e+00
1.078781206160783768e-03 7.175293564796447754e-02 2.795366011559963226e-02 1.929050427861511707e-03 4.085590893885009036e-16
8.115411037579178810e-04 6.038556247949600220e-02 3.127287328243255615e-02 1.746724476106464863e-03 6.791133638470145980e-17
1.000000000000000000e+00 1.000000000000000000e+00 1.140490368811697408e-07 9.884693026542663574e-01 1.000000000000000000e+00
4.901992006756117348e-11 1.346833983006945346e-06 9.648575782775878906e-01 5.280283858155598864e-06 0.000000000000000000e+00
7.724996976321563125e-05 1.379709038883447647e-02 7.737834751605987549e-02 7.690477650612592697e-04 2.494863016221188163e-23
9.999320507049560547e-01 9.996924400329589844e-01 3.660189395304769278e-05 3.743166327476501465e-01 1.000000000000000000e+00
9.999905824661254883e-01 9.999141693115234375e-01 1.645560769247822464e-05 5.433928966522216797e-01 1.000000000000000000e+00
8.176815127769465619e-12 4.219357094825681997e-07 9.826956987380981445e-01 2.825692035912652500e-06 0.000000000000000000e+00
1.670155256761063356e-06 1.164531102403998375e-03 2.844384610652923584e-01 2.017768711084499955e-04 8.123203201834530929e-34
9.456499218940734863e-01 9.762942194938659668e-01 5.639090668410062790e-04 5.381546914577484131e-02 1.000000000000000000e+00
1.631785380595829338e-05 5.081430077552795410e-03 1.361621618270874023e-01 4.470466519705951214e-04 1.393883515751501084e-27
8.027329272408678662e-07 7.246571476571261883e-04 3.485921919345855713e-01 1.562461402500048280e-04 8.049716294315943614e-36
8.092942493931332137e-07 7.284876191988587379e-04 3.478424251079559326e-01 1.566907449159771204e-04 8.473184833861529511e-36
4.582953351928154007e-06 2.237666631117463112e-03 2.087976634502410889e-01 2.869990712497383356e-04 4.685117993111916456e-31
7.878067493438720703e-01 9.380209445953369141e-01 1.054947264492511749e-03 3.210423141717910767e-02 9.999998807907104492e-01
1.382391783408820629e-03 8.323681354522705078e-02 2.534226328134536743e-02 2.103352919220924377e-03 1.951506947508205130e-15
7.280249860741605517e-07 6.802323623560369015e-04 3.576471507549285889e-01 1.510082365712150931e-04 4.350986083029783160e-36
1.000000000000000000e+00 9.999989271163940430e-01 1.036271328302973416e-06 9.277560710906982422e-01 1.000000000000000000e+00
9.998884201049804688e-01 9.995756745338439941e-01 4.477307447814382613e-05 3.346782028675079346e-01 1.000000000000000000e+00
9.999309778213500977e-01 9.996891021728515625e-01 3.684451439767144620e-05 3.729863762855529785e-01 1.000000000000000000e+00
5.582029698416590691e-04 4.799821972846984863e-02 3.621937707066535950e-02 1.533000264316797256e-03 6.422481325177616712e-18
9.696134924888610840e-01 9.838743209838867188e-01 4.409375542309135199e-04 6.567221879959106445e-02 1.000000000000000000e+00
1.000000000000000000e+00 1.000000000000000000e+00 6.590688883534312481e-08 9.927746057510375977e-01 1.000000000000000000e+00
9.887536764144897461e-01 9.915735125541687012e-01 2.922949206549674273e-04 9.101298451423645020e-02 1.000000000000000000e+00
2.112347488036903087e-07 3.051792446058243513e-04 4.791484475135803223e-01 9.804348519537597895e-05 0.000000000000000000e+00
1.000000000000000000e+00 9.999997615814208984e-01 3.529882803832151694e-07 9.700900316238403320e-01 1.000000000000000000e+00
7.760348962619900703e-04 5.876004323363304138e-02 3.182802721858024597e-02 1.719680847600102425e-03 5.122463512255903337e-17
9.807533621788024902e-01 9.880434274673461914e-01 3.646823752205818892e-04 7.643932104110717773e-02 1.000000000000000000e+00
1.180853609339393984e-10 2.381031890763551928e-06 9.505364894866943359e-01 7.177193310781149194e-06 0.000000000000000000e+00
1.000000000000000000e+00 1.000000000000000000e+00 1.132980003148986725e-07 9.885339140892028809e-01 1.000000000000000000e+00
9.467173367738723755e-02 5.995451807975769043e-01 4.475676454603672028e-03 9.449196979403495789e-03 1.314170542173087597e-03
7.221224791464919690e-07 6.766555598005652428e-04 3.584064543247222900e-01 1.505797554273158312e-04 4.133535053621155259e-36
8.682604432106018066e-01 9.564332365989685059e-01 8.359481580555438995e-04 3.894882649183273315e-02 1.000000000000000000e+00
1.572004859617948114e-09 1.274583519261796027e-05 8.704867362976074219e-01 1.771900497260503471e-05 0.000000000000000000e+00
1.884819482711463934e-07 2.834571350831538439e-04 4.906997382640838623e-01 9.421954018762335181e-05 0.000000000000000000e+00
3.990651748608797789e-06 2.046105684712529182e-03 2.182270586490631104e-01 2.734665467869490385e-04 1.959734458279877951e-31
9.975341558456420898e-01 9.968497157096862793e-01 1.573522167745977640e-04 1.457335501909255981e-01 1.000000000000000000e+00
2.808693864153610775e-07 3.670462756417691708e-04 4.503941833972930908e-01 1.082960807252675295e-04 1.080082600853492931e-38
1.002354329102672637e-04 1.629318110644817352e-02 7.016059011220932007e-02 8.422040264122188091e-04 1.286948311866282836e-22
9.999934434890747070e-01 9.999322891235351562e-01 1.418251395080005750e-05 5.749061703681945801e-01 1.000000000000000000e+00
1.244412288770035957e-07 2.166029153158888221e-04 5.327716469764709473e-01 8.150797657435759902e-05 0.000000000000000000e+00
1.437339559197425842e-02 2.945981323719024658e-01 9.901106357574462891e-03 4.772585351020097733e-03 5.380628831375133814e-09
1.000000000000000000e+00 1.000000000000000000e+00 8.641249138463535928e-08 9.908956885337829590e-01 1.000000000000000000e+00
9.992626309394836426e-01 9.985584616661071777e-01 9.634869638830423355e-05 2.064540535211563110e-01 1.000000000000000000e+00
4.670670330524444580e-01 8.558645844459533691e-01 1.893658307380974293e-03 1.964410208165645599e-02 9.988376498222351074e-01
1.000000000000000000e+00 9.999998807907104492e-01 2.710091848712181672e-07 9.760268330574035645e-01 1.000000000000000000e+00
9.997910857200622559e-01 9.993631243705749512e-01 5.774089368060231209e-05 2.878330945968627930e-01 1.000000000000000000e+00
9.999990463256835938e-01 9.999804496765136719e-01 6.525310254801297560e-06 7.250706553459167480e-01 1.000000000000000000e+00
1.000000000000000000e+00 1.000000000000000000e+00 1.163321883268508827e-07 9.882733225822448730e-01 1.000000000000000000e+00
1.090813949704170227e-01 6.238184571266174316e-01 4.199347458779811859e-03 9.978749789297580719e-03 3.540687728673219681e-03
1.000000000000000000e+00 1.000000000000000000e+00 9.292659797210944816e-08 9.903140664100646973e-01 1.000000000000000000e+00
1.000000000000000000e+00 9.999997615814208984e-01 4.418960770635749213e-07 9.639434814453125000e-01 1.000000000000000000e+00
9.031035937368869781e-03 2.354428470134735107e-01 1.195735111832618713e-02 4.053124692291021347e-03 2.785910946379033248e-10
5.076352227462166411e-09 2.724567093537189066e-05 8.068329095840454102e-01 2.667880835360847414e-05 0.000000000000000000e+00
1.000000000000000000e+00 9.999995231628417969e-01 6.397449965334089939e-07 9.510908722877502441e-01 1.000000000000000000e+00
9.998165965080261230e-01 9.994146823883056641e-01 5.476833757711574435e-05 2.972431778907775879e-01 1.000000000000000000e+00
2.095221702802518848e-07 3.035739355254918337e-04 4.799729287624359131e-01 9.776527440408244729e-05 0.000000000000000000e+00
3.623462907853536308e-05 8.492466993629932404e-03 1.023589745163917542e-01 5.905359284952282906e-04 2.119833680523790726e-25
4.027674198150634766e-01 8.336260318756103516e-01 2.105664229020476341e-03 1.795773208141326904e-02 9.939755797386169434e-01
5.605925340205430984e-03 1.840573847293853760e-01 1.449327077716588974e-02 3.429584670811891556e-03 1.352909711344052468e-11
9.999320507049560547e-01 9.996924400329589844e-01 3.660189395304769278e-05 3.743166327476501465e-01 1.000000000000000000e+00
9.982110261917114258e-01 9.974408149719238281e-01 1.381053298246115446e-04 1.602719277143478394e-01 1.000000000000000000e+00
1.000000000000000000e+00 9.999991655349731445e-01 8.784930969341075979e-07 9.367202520370483398e-01 1.000000000000000000e+00
9.631536602973937988e-01 9.816900491714477539e-01 4.780917079187929630e-04 6.152693554759025574e-02 1.000000000000000000e+00
9.983969330787658691e-01 9.976164102554321289e-01 1.320822775596752763e-04 1.655029952526092529e-01 1.000000000000000000e+00
9.205807000398635864e-04 6.519557535648345947e-02 2.975831739604473114e-02 1.825244398787617683e-03 1.503371911255361949e-16
9.999082088470458984e-01 9.996260404586791992e-01 4.136047573410905898e-05 3.500328958034515381e-01 1.000000000000000000e+00
1.000000000000000000e+00 9.999984502792358398e-01 1.323248511653218884e-06 9.123296141624450684e-01 1.000000000000000000e+00
6.989872645135619678e-07 6.625350797548890114e-04 3.614507019519805908e-01 1.488779380451887846e-04 3.367110440997619854e-36
1.170001996797509491e-04 1.798016391694545746e-02 6.617464125156402588e-02 8.888891898095607758e-04 3.408918135030255698e-22
1.000000000000000000e+00 9.999996423721313477e-01 5.387686314861639403e-07 9.575245976448059082e-01 1.000000000000000000e+00
3.402501058680229562e-10 4.727402938442537561e-06 9.259672760963439941e-01 1.038495975080877542e-05 0.000000000000000000e+00
1.593708177097141743e-03 9.055853635072708130e-02 2.395282499492168427e-02 2.210369333624839783e-03 4.786592502296471013e-15
3.753644647076725960e-03 1.480162888765335083e-01 1.702423021197319031e-02 2.980862744152545929e-03 1.069296452597956470e-12
5.231856961551706320e-11 1.404894646839238703e-06 9.639504551887512207e-01 5.401708222052548081e-06 0.000000000000000000e+00
9.999998807907104492e-01 9.999946355819702148e-01 2.895113539125304669e-06 8.414257168769836426e-01 1.000000000000000000e+00
2.498530969023704529e-02 3.757067024707794189e-01 7.892428897321224213e-03 5.804628599435091019e-03 1.873952726327843266e-07
3.355560096451881691e-08 9.264711115974932909e-05 6.599659919738769531e-01 5.158221392775885761e-05 0.000000000000000000e+00
6.451066838053520769e-06 2.791165607050061226e-03 1.868003457784652710e-01 3.233723400626331568e-04 4.035484519593257698e-30
9.805214405059814453e-01 9.879494905471801758e-01 3.664932737592607737e-04 7.613891363143920898e-02 1.000000000000000000e+00
2.073277993730471280e-09 1.524995786894578487e-05 8.572884798049926758e-01 1.951653939613606781e-05 0.000000000000000000e+00
8.947359919548034668e-01 9.628087282180786133e-01 7.540156948380172253e-04 4.241273924708366394e-02 1.000000000000000000e+00
1.000000000000000000e+00 9.999982118606567383e-01 1.451486809855850879e-06 9.057525396347045898e-01 1.000000000000000000e+00
1.000000000000000000e+00 1.000000000000000000e+00 6.251375594956698478e-08 9.930936098098754883e-01 1.000000000000000000e+00
9.999966621398925781e-01 9.999558925628662109e-01 1.085284748114645481e-05 6.299716234207153320e-01 1.000000000000000000e+00
6.719058546877931803e-06 2.865558490157127380e-03 1.843041926622390747e-01 3.279986558482050896e-04 5.214660330643224479e-30
1.000000000000000000e+00 9.999996423721313477e-01 5.212610858507105149e-07 9.586656093597412109e-01 1.000000000000000000e+00
1.000000000000000000e+00 9.999998807907104492e-01 2.819683970756159397e-07 9.752157330513000488e-01 1.000000000000000000e+00
