4.320471954345703125e+01
-3.900786638259887695e+00
4.661201858520507812e+01
2.466174888610839844e+01
1.572087764739990234e+01
-1.736759376525878906e+01
-1.385101032257080078e+01
-2.313634109497070312e+01
-3.636159896850585938e+01
-3.837356948852539062e+01
-9.051133990287780762e-01
2.039183998107910156e+01
3.915958023071289062e+01
2.526109504699707031e+01
-1.369869613647460938e+01
-5.276065349578857422e+00
-1.896982574462890625e+01
4.605461120605468750e+01
-2.831480026245117188e+01
2.493504333496093750e+01
-7.527350902557373047e+00
3.166387748718261719e+01
1.206439304351806641e+01
-4.378162765502929688e+01
9.218324661254882812e+00
1.532842922210693359e+01
-2.734721374511718750e+01
-4.198978805541992188e+01
-2.271359634399414062e+01
-4.535310363769531250e+01
6.196320533752441406e+00
-3.609663391113281250e+01
2.974056816101074219e+01
-2.151456260681152344e+01
-8.056702613830566406e+00
1.840559768676757812e+01
3.895879745483398438e+01
-3.291137313842773438e+01
2.456904602050781250e+01
1.505804538726806641e+01
3.115666770935058594e+01
-1.648517608642578125e+01
-2.291286087036132812e+01
-4.876869678497314453e+00
1.180094242095947266e+01
1.095818233489990234e+01
2.360898780822753906e+01
-2.238446998596191406e+01
3.834796142578125000e+01
-5.122470259666442871e-01
3.958959579467773438e+01
-3.875886917114257812e+01
-2.664650201797485352e+00
2.617731666564941406e+01
-1.081458854675292969e+01
2.391553115844726562e+01
-1.340952301025390625e+01
4.060220336914062500e+01
-2.746470451354980469e+00
4.138871765136718750e+01
3.928831481933593750e+01
-4.364815139770507812e+01
-4.759143829345703125e+01
-1.523517704010009766e+01
-4.172575759887695312e+01
1.207578086853027344e+01
4.437270355224609375e+01
3.479417037963867188e+01
-4.468456649780273438e+01
2.648855018615722656e+01
-4.762269210815429688e+01
2.881168174743652344e+01
-1.011456012725830078e+01
2.650952100753784180e+00
1.476406097412109375e+01
4.517308044433593750e+01
9.829387664794921875e+00
-2.317255735397338867e+00
4.909505462646484375e+01
1.628720474243164062e+01
-8.485207557678222656e+00
3.078669548034667969e+01
1.870304107666015625e+01
2.302625846862792969e+01
-4.777515411376953125e+01
2.454351615905761719e+01
1.600703716278076172e+00
-4.204969406127929688e+01
4.895539093017578125e+01
4.254546356201171875e+01
-3.912585973739624023e+00
-2.232660484313964844e+01
-2.938296127319335938e+01
-4.899181747436523438e+01
2.103539466857910156e+01
-3.671995162963867188e+01
-8.872653961181640625e+00
1.373213577270507812e+01
-1.135367012023925781e+01
4.360731124877929688e+01
1.336950778961181641e+01
-8.869522094726562500e+00
-2.831311225891113281e+01
2.168664932250976562e+01
1.668556022644042969e+01
4.656725311279296875e+01
-9.437089920043945312e+00
8.351926803588867188e+00
4.586388397216796875e+01
3.358517074584960938e+01
2.175546884536743164e-01
-2.832218360900878906e+01
1.210991859436035156e+01
1.265239334106445312e+01
-4.671973419189453125e+01
4.456914520263671875e+01
1.716954803466796875e+01
-1.942536163330078125e+01
-2.321078491210937500e+01
4.801206970214843750e+01
2.453534317016601562e+01
-6.485466003417968750e+00
2.015567016601562500e+01
2.593506622314453125e+01
2.592681694030761719e+01
2.259791564941406250e+01
-3.519328355789184570e+00
1.163078212738037109e+01
2.611750984191894531e+01
-3.628373336791992188e+01
-1.847234725952148438e+01
-1.938579559326171875e+01
1.337118721008300781e+01
-7.649216175079345703e+00
-4.931806182861328125e+01
-9.596817016601562500e+00
2.850135803222656250e+01
-4.137239837646484375e+01
1.274224758148193359e+01
-8.543161392211914062e+00
4.288278961181640625e+01
-4.676349258422851562e+01
3.332194328308105469e+00
2.613977050781250000e+01
-4.620634078979492188e+00
3.789654159545898438e+01
2.872026634216308594e+01
2.285638236999511719e+01
-1.252229404449462891e+01
2.795188140869140625e+01
1.667763328552246094e+01
-2.391229248046875000e+01
2.951898956298828125e+01
7.114271163940429688e+00
-4.801716232299804688e+01
-1.484248352050781250e+01
-7.485808134078979492e-01
-4.263906097412109375e+01
-1.726009750366210938e+01
-2.757967948913574219e+01
-4.663803863525390625e+01
3.028795480728149414e+00
-4.767938613891601562e+01
-4.030829238891601562e+01
8.013483047485351562e+00
3.565530014038085938e+01
-3.855323028564453125e+01
-1.751995468139648438e+01
2.851762580871582031e+01
1.861737060546875000e+01
-2.455754429101943970e-01
8.936787605285644531e+00
-1.942891502380371094e+01
-1.314169502258300781e+01
-3.707606124877929688e+01
-7.267223834991455078e+00
-1.335364341735839844e+01
1.241481494903564453e+01
-1.885005760192871094e+01
-3.512068176269531250e+01
2.620170783996582031e+01
1.637643051147460938e+01
-3.939014053344726562e+01
4.083113861083984375e+01
1.135870742797851562e+01
9.709462165832519531e+00
4.444366836547851562e+01
-3.142596435546875000e+01
6.031454086303710938e+00
3.202988433837890625e+01
2.193660545349121094e+01
-8.525272369384765625e+00
3.737099838256835938e+01
-5.109364509582519531e+00
-3.470218658447265625e+01
-4.956829452514648438e+01
-2.516667175292968750e+01
2.185637855529785156e+01
-3.953354263305664062e+01
-4.243720245361328125e+01
