1.432717132568359375e+01
3.168152618408203125e+01
1.220080757141113281e+01
2.017526626586914062e+01
2.032285499572753906e+01
1.950491523742675781e+01
1.911177444458007812e+01
3.681420898437500000e+01
1.702283096313476562e+01
2.265922164916992188e+01
1.577989768981933594e+01
1.700657272338867188e+01
1.101792335510253906e+01
1.919676780700683594e+01
2.088282775878906250e+01
1.941661834716796875e+01
2.190756988525390625e+01
1.785964775085449219e+01
1.812502479553222656e+01
1.351635551452636719e+01
1.763186264038085938e+01
2.255692672729492188e+01
1.817831420898437500e+01
1.668720436096191406e+01
2.249421691894531250e+01
1.136856651306152344e+01
1.804975891113281250e+01
2.128959274291992188e+01
1.059241867065429688e+01
1.818804740905761719e+01
1.682616806030273438e+01
1.712561035156250000e+01
1.898360443115234375e+01
1.774065971374511719e+01
2.974014663696289062e+01
2.630105209350585938e+01
1.336040687561035156e+01
1.903249740600585938e+01
1.893474388122558594e+01
2.365206146240234375e+01
3.154482650756835938e+01
2.366769027709960938e+01
1.721854400634765625e+01
2.090995216369628906e+01
1.654862785339355469e+01
1.404308319091796875e+01
3.581042098999023438e+01
2.555996704101562500e+01
1.465598678588867188e+01
1.479743003845214844e+01
2.981806564331054688e+01
2.977279090881347656e+01
2.298434638977050781e+01
2.652603149414062500e+01
2.281786346435546875e+01
1.392806434631347656e+01
1.733898162841796875e+01
1.054452514648437500e+01
1.454507446289062500e+01
1.857338523864746094e+01
3.704718780517578125e+01
1.658989906311035156e+01
1.496533584594726562e+01
2.369416427612304688e+01
2.420173072814941406e+01
1.773464202880859375e+01
1.681703758239746094e+01
1.702391052246093750e+01
2.436012077331542969e+01
1.748410415649414062e+01
3.617165374755859375e+01
1.465000724792480469e+01
1.136894607543945312e+01
1.389715576171875000e+01
3.582019042968750000e+01
2.318750000000000000e+01
1.461515045166015625e+01
3.487002182006835938e+01
1.876220512390136719e+01
1.781351852416992188e+01
1.845882415771484375e+01
1.377861785888671875e+01
2.268330192565917969e+01
1.367203140258789062e+01
2.866775131225585938e+01
2.075421905517578125e+01
1.630035018920898438e+01
2.151677322387695312e+01
1.831581497192382812e+01
1.550881195068359375e+01
2.496638488769531250e+01
2.659930801391601562e+01
1.515878295898437500e+01
2.645876502990722656e+01
1.193899726867675781e+01
2.496942901611328125e+01
2.307475471496582031e+01
2.726274299621582031e+01
1.793308830261230469e+01
2.111390686035156250e+01
2.029498291015625000e+01
1.368263244628906250e+01
1.047259521484375000e+01
1.941222190856933594e+01
2.044351577758789062e+01
1.882513427734375000e+01
1.163278579711914062e+01
1.345062637329101562e+01
1.252045440673828125e+01
1.735977172851562500e+01
1.667016792297363281e+01
1.709664535522460938e+01
1.842929077148437500e+01
2.281381225585937500e+01
2.191252326965332031e+01
1.672978591918945312e+01
1.605688667297363281e+01
1.279183769226074219e+01
1.595739936828613281e+01
1.628389358520507812e+01
2.273718643188476562e+01
1.966316223144531250e+01
1.917938995361328125e+01
3.109634399414062500e+01
2.495237541198730469e+01
2.758575820922851562e+01
2.772513580322265625e+01
1.280951118469238281e+01
1.920619010925292969e+01
2.099382781982421875e+01
2.371359634399414062e+01
1.714688491821289062e+01
2.038592529296875000e+01
1.711612319946289062e+01
1.202659988403320312e+01
2.933079719543457031e+01
1.469145202636718750e+01
2.349199295043945312e+01
4.083366394042968750e+01
2.397334861755371094e+01
1.296090888977050781e+01
1.341063308715820312e+01
1.481649780273437500e+01
2.009769630432128906e+01
1.672879409790039062e+01
2.120326232910156250e+01
2.628148460388183594e+01
2.910078430175781250e+01
1.521903991699218750e+01
2.170721054077148438e+01
2.526362609863281250e+01
2.486903190612792969e+01
1.827359199523925781e+01
3.851407241821289062e+01
3.067893600463867188e+01
1.312103462219238281e+01
1.497194099426269531e+01
1.731585311889648438e+01
1.680735015869140625e+01
1.380734825134277344e+01
3.470838165283203125e+01
2.147310447692871094e+01
1.157328033447265625e+01
2.469614028930664062e+01
1.422436332702636719e+01
2.376382064819335938e+01
2.259851837158203125e+01
2.397068405151367188e+01
2.108140945434570312e+01
2.131461906433105469e+01
1.454337120056152344e+01
3.012587356567382812e+01
1.418937683105468750e+01
3.220730209350585938e+01
1.971494674682617188e+01
2.786566925048828125e+01
2.358435058593750000e+01
2.794064712524414062e+01
1.563901901245117188e+01
1.004955863952636719e+01
1.986464691162109375e+01
2.563912200927734375e+01
1.827571487426757812e+01
1.407034301757812500e+01
1.993564987182617188e+01
1.642689704895019531e+01
1.587738609313964844e+01
1.730851364135742188e+01
1.385069656372070312e+01
1.559751605987548828e+01
1.412307739257812500e+01
2.036385726928710938e+01
1.689132308959960938e+01
9.881559371948242188e+00
1.580630874633789062e+01
1.636613464355468750e+01
1.236051940917968750e+01
1.886611938476562500e+01
1.347441482543945312e+01
1.537499046325683594e+01
1.789609336853027344e+01
2.665928268432617188e+01
2.522544288635253906e+01
2.376826095581054688e+01
2.834473800659179688e+01
1.571705818176269531e+01
1.524112701416015625e+01
4.166397094726562500e+01
2.193893051147460938e+01
2.840102767944335938e+01
1.732390022277832031e+01
1.674102783203125000e+01
2.067469787597656250e+01
1.332884979248046875e+01
2.364714241027832031e+01
1.898896026611328125e+01
1.537639617919921875e+01
1.372389984130859375e+01
1.514148712158203125e+01
2.400896835327148438e+01
2.473926925659179688e+01
1.227344894409179688e+01
1.883090400695800781e+01
1.545040512084960938e+01
1.440550994873046875e+01
2.510633850097656250e+01
2.950055694580078125e+01
3.414677429199218750e+01
2.530033493041992188e+01
1.706183052062988281e+01
2.489422416687011719e+01
2.489272689819335938e+01
3.252854919433593750e+01
1.705273628234863281e+01
2.047050857543945312e+01
1.329196548461914062e+01
1.993872833251953125e+01
1.985174179077148438e+01
1.283737754821777344e+01
1.492885589599609375e+01
1.569089889526367188e+01
1.641411590576171875e+01
1.709022521972656250e+01
2.171703338623046875e+01
1.550471305847167969e+01
2.029184341430664062e+01
1.212060356140136719e+01
1.761970901489257812e+01
1.954751396179199219e+01
2.349096679687500000e+01
1.218171501159667969e+01
3.354617309570312500e+01
1.541227531433105469e+01
1.713031387329101562e+01
3.217195129394531250e+01
1.470780944824218750e+01
1.849200248718261719e+01
1.415476036071777344e+01
1.311154174804687500e+01
1.608250808715820312e+01
1.828861618041992188e+01
2.407876396179199219e+01
1.847312355041503906e+01
1.472456359863281250e+01
1.505003166198730469e+01
2.332529449462890625e+01
2.703985595703125000e+01
1.814797973632812500e+01
1.174670982360839844e+01
1.562512302398681641e+01
1.753085136413574219e+01
1.537550163269042969e+01
2.945731735229492188e+01
2.589414596557617188e+01
1.341567420959472656e+01
1.435572052001953125e+01
3.449124145507812500e+01
1.909383010864257812e+01
1.793097496032714844e+01
1.914805603027343750e+01
1.620424079895019531e+01
1.865605926513671875e+01
2.996132659912109375e+01
1.568096065521240234e+01
2.774355888366699219e+01
1.390452194213867188e+01
1.380236434936523438e+01
2.576085662841796875e+01
1.512876892089843750e+01
1.826141738891601562e+01
2.634476470947265625e+01
1.699555206298828125e+01
1.574074172973632812e+01
1.683071136474609375e+01
2.240281295776367188e+01
1.435382652282714844e+01
2.909604263305664062e+01
2.280850791931152344e+01
3.877153015136718750e+01
3.338583755493164062e+01
1.500675010681152344e+01
1.669379615783691406e+01
2.466729545593261719e+01
1.723650550842285156e+01
1.305352783203125000e+01
2.442061614990234375e+01
1.201899147033691406e+01
1.952064895629882812e+01
2.683850097656250000e+01
1.746994590759277344e+01
2.433891296386718750e+01
1.867593383789062500e+01
3.280099487304687500e+01
1.767763328552246094e+01
1.757502746582031250e+01
2.309147262573242188e+01
2.210593032836914062e+01
2.066604995727539062e+01
1.462898254394531250e+01
1.928905296325683594e+01
2.155973243713378906e+01
1.639443969726562500e+01
1.852372550964355469e+01
1.864242553710937500e+01
2.207625961303710938e+01
1.188804244995117188e+01
1.916725921630859375e+01
3.676867675781250000e+01
1.547602653503417969e+01
1.251880645751953125e+01
2.550766563415527344e+01
2.663427734375000000e+01
1.863137054443359375e+01
1.511554336547851562e+01
3.357189178466796875e+01
1.692069816589355469e+01
1.890765953063964844e+01
1.453819847106933594e+01
1.707647895812988281e+01
1.028586196899414062e+01
1.823589706420898438e+01
2.279751968383789062e+01
2.251010513305664062e+01
1.678564834594726562e+01
1.658777809143066406e+01
1.755480194091796875e+01
2.127558517456054688e+01
1.507054710388183594e+01
2.876202392578125000e+01
1.666486740112304688e+01
2.036314010620117188e+01
2.005877876281738281e+01
2.633479309082031250e+01
4.084997558593750000e+01
1.813818740844726562e+01
1.576239204406738281e+01
1.716724014282226562e+01
1.576109504699707031e+01
1.936312866210937500e+01
1.437353897094726562e+01
1.364236068725585938e+01
1.640315628051757812e+01
1.870745468139648438e+01
1.241950416564941406e+01
2.268466949462890625e+01
1.516871261596679688e+01
1.806407928466796875e+01
2.089671707153320312e+01
1.578466796875000000e+01
2.289021492004394531e+01
1.529187393188476562e+01
4.135688781738281250e+01
2.964718437194824219e+01
1.931071090698242188e+01
1.508445549011230469e+01
2.513532638549804688e+01
1.768734359741210938e+01
2.354351043701171875e+01
2.253022193908691406e+01
1.285136795043945312e+01
1.454990196228027344e+01
2.339792251586914062e+01
1.201442337036132812e+01
2.070818901062011719e+01
2.477116775512695312e+01
2.571406364440917969e+01
4.109865188598632812e+01
1.974564361572265625e+01
1.362521934509277344e+01
1.722897911071777344e+01
1.939795112609863281e+01
1.931276512145996094e+01
2.986648941040039062e+01
1.479012870788574219e+01
2.080108642578125000e+01
1.907280540466308594e+01
1.635591697692871094e+01
3.998986053466796875e+01
1.719612503051757812e+01
2.143835830688476562e+01
1.662054061889648438e+01
1.376717567443847656e+01
1.354243469238281250e+01
1.893367767333984375e+01
1.068040275573730469e+01
1.025350761413574219e+01
2.805924034118652344e+01
1.734033966064453125e+01
1.540607452392578125e+01
3.247110748291015625e+01
2.439478874206542969e+01
1.587268733978271484e+01
1.724701881408691406e+01
1.379092025756835938e+01
3.356788253784179688e+01
1.399674987792968750e+01
2.169876480102539062e+01
1.757759094238281250e+01
1.433411026000976562e+01
3.571474456787109375e+01
2.581551551818847656e+01
1.503932189941406250e+01
1.732041740417480469e+01
1.252851104736328125e+01
2.381932830810546875e+01
1.910078239440917969e+01
3.314884185791015625e+01
2.820632553100585938e+01
1.559588813781738281e+01
1.463302040100097656e+01
1.505431365966796875e+01
1.654792594909667969e+01
2.079584503173828125e+01
2.072770500183105469e+01
2.148790740966796875e+01
1.681132125854492188e+01
1.305439376831054688e+01
2.444820404052734375e+01
2.038597106933593750e+01
3.359679794311523438e+01
1.410991477966308594e+01
2.037131690979003906e+01
1.466857337951660156e+01
1.474084091186523438e+01
1.794997406005859375e+01
2.904315567016601562e+01
1.491390228271484375e+01
2.974415969848632812e+01
1.622858047485351562e+01
2.246580123901367188e+01
1.871411132812500000e+01
2.436253738403320312e+01
1.991618728637695312e+01
1.564069747924804688e+01
2.464685440063476562e+01
1.275502204895019531e+01
2.107356071472167969e+01
2.496197509765625000e+01
1.353436279296875000e+01
2.792266464233398438e+01
2.663074111938476562e+01
1.633630752563476562e+01
1.720224761962890625e+01
2.190378952026367188e+01
2.884447288513183594e+01
1.913787078857421875e+01
1.883484649658203125e+01
2.765678977966308594e+01
2.155000495910644531e+01
1.631629562377929688e+01
1.526959800720214844e+01
1.920328903198242188e+01
3.475142288208007812e+01
1.890232467651367188e+01
1.769966316223144531e+01
1.486398506164550781e+01
2.520788002014160156e+01
3.304168319702148438e+01
1.754816246032714844e+01
2.089657402038574219e+01
1.405879211425781250e+01
1.209475135803222656e+01
1.406237411499023438e+01
1.124295806884765625e+01
1.244192123413085938e+01
2.499361610412597656e+01
1.988373374938964844e+01
1.857336235046386719e+01
1.381918907165527344e+01
3.287596130371093750e+01
1.712682151794433594e+01
2.049362373352050781e+01
2.217130661010742188e+01
1.956036376953125000e+01
1.740923309326171875e+01
1.805628204345703125e+01
2.163061141967773438e+01
2.025420570373535156e+01
1.252380561828613281e+01
1.423785018920898438e+01
2.486639022827148438e+01
2.696095275878906250e+01
1.445275497436523438e+01
1.813688278198242188e+01
2.452230072021484375e+01
1.934687423706054688e+01
1.624919128417968750e+01
2.038371849060058594e+01
1.808511352539062500e+01
1.683735656738281250e+01
1.273821067810058594e+01
2.044263267517089844e+01
1.740976524353027344e+01
1.476167106628417969e+01
1.291860008239746094e+01
2.587568855285644531e+01
1.262722778320312500e+01
1.476049804687500000e+01
1.660323715209960938e+01
1.529789161682128906e+01
1.544796180725097656e+01
1.326487350463867188e+01
2.527841186523437500e+01
2.266547775268554688e+01
1.683511734008789062e+01
1.266334342956542969e+01
1.593642807006835938e+01
1.635286903381347656e+01
2.419673347473144531e+01
2.220927810668945312e+01
2.108764648437500000e+01
2.213699722290039062e+01
2.726272964477539062e+01
1.300435829162597656e+01
1.983885574340820312e+01
2.287053680419921875e+01
3.754129028320312500e+01
2.048370552062988281e+01
2.619716262817382812e+01
2.120273208618164062e+01
2.293613243103027344e+01
1.878490829467773438e+01
1.905045127868652344e+01
1.727052116394042969e+01
2.013853454589843750e+01
2.121569252014160156e+01
2.446352767944335938e+01
1.358164596557617188e+01
3.198165512084960938e+01
1.694470596313476562e+01
1.957659339904785156e+01
2.349245262145996094e+01
1.305728149414062500e+01
1.754382705688476562e+01
2.470079040527343750e+01
2.107115936279296875e+01
1.251320648193359375e+01
2.419956207275390625e+01
1.939776611328125000e+01
1.416741943359375000e+01
1.806487083435058594e+01
1.854711532592773438e+01
1.907831192016601562e+01
2.180365562438964844e+01
1.904280471801757812e+01
2.359410858154296875e+01
1.937742805480957031e+01
1.875526809692382812e+01
2.575460433959960938e+01
1.647297477722167969e+01
3.425563430786132812e+01
1.076316261291503906e+01
1.935153579711914062e+01
1.917444610595703125e+01
1.354631996154785156e+01
1.864941978454589844e+01
2.026853370666503906e+01
1.916093063354492188e+01
1.344746017456054688e+01
2.929045486450195312e+01
2.103758239746093750e+01
2.637366485595703125e+01
1.832682228088378906e+01
2.223731613159179688e+01
2.430227279663085938e+01
1.582087612152099609e+01
1.311850738525390625e+01
1.464953041076660156e+01
3.387417221069335938e+01
1.796005249023437500e+01
1.864422416687011719e+01
1.495841979980468750e+01
1.211071968078613281e+01
1.150049591064453125e+01
1.941431236267089844e+01
2.196188354492187500e+01
1.711868286132812500e+01
1.716646766662597656e+01
1.154845237731933594e+01
1.745655632019042969e+01
2.405048751831054688e+01
1.539373016357421875e+01
2.532266998291015625e+01
1.980756759643554688e+01
1.831550216674804688e+01
2.091496276855468750e+01
1.311034965515136719e+01
1.650869941711425781e+01
2.904261398315429688e+01
2.720567321777343750e+01
1.973531532287597656e+01
1.038992309570312500e+01
2.099356842041015625e+01
1.876012039184570312e+01
1.176354598999023438e+01
1.527144050598144531e+01
1.431295776367187500e+01
1.759579849243164062e+01
1.527629280090332031e+01
1.603430366516113281e+01
9.887355804443359375e+00
2.379456329345703125e+01
2.099986839294433594e+01
1.810568428039550781e+01
1.862469673156738281e+01
2.304932022094726562e+01
3.211498641967773438e+01
2.001469802856445312e+01
2.025272560119628906e+01
1.930510520935058594e+01
1.940612792968750000e+01
2.027281379699707031e+01
2.236021423339843750e+01
2.293292999267578125e+01
2.893523406982421875e+01
1.495159912109375000e+01
1.976261901855468750e+01
1.262267112731933594e+01
1.393988609313964844e+01
1.536474227905273438e+01
1.535653877258300781e+01
2.252755355834960938e+01
2.426109504699707031e+01
1.449728584289550781e+01
2.389032745361328125e+01
1.179338836669921875e+01
1.397749900817871094e+01
2.127094650268554688e+01
1.750755691528320312e+01
2.602190780639648438e+01
1.230783081054687500e+01
1.994454193115234375e+01
1.960549545288085938e+01
2.534904098510742188e+01
1.384414100646972656e+01
2.654224205017089844e+01
1.094506072998046875e+01
2.322706222534179688e+01
1.922471809387207031e+01
1.945427513122558594e+01
2.860750579833984375e+01
1.630270767211914062e+01
1.195908355712890625e+01
2.264838981628417969e+01
1.316909027099609375e+01
2.373842620849609375e+01
2.529242515563964844e+01
2.194242668151855469e+01
1.642130661010742188e+01
2.638517570495605469e+01
2.549269676208496094e+01
3.084590148925781250e+01
1.965286064147949219e+01
2.127481079101562500e+01
1.546431922912597656e+01
2.341327667236328125e+01
1.382223510742187500e+01
2.153108787536621094e+01
2.052371978759765625e+01
1.778919982910156250e+01
1.923385810852050781e+01
2.678011131286621094e+01
1.388372611999511719e+01
2.406157875061035156e+01
1.023441314697265625e+01
2.148009300231933594e+01
1.182203292846679688e+01
1.626870727539062500e+01
2.001578521728515625e+01
3.357030487060546875e+01
1.965506744384765625e+01
2.051452636718750000e+01
1.862688255310058594e+01
1.215022277832031250e+01
1.715749359130859375e+01
3.188732910156250000e+01
1.623554611206054688e+01
2.312434577941894531e+01
3.104164314270019531e+01
1.845816421508789062e+01
2.309286308288574219e+01
1.303270339965820312e+01
3.704614639282226562e+01
1.252820396423339844e+01
1.653633499145507812e+01
1.651972579956054688e+01
2.647608757019042969e+01
1.743816184997558594e+01
2.181091308593750000e+01
1.861985397338867188e+01
1.989043235778808594e+01
1.630843734741210938e+01
1.612011909484863281e+01
1.953165435791015625e+01
1.461011886596679688e+01
2.164696502685546875e+01
3.364586639404296875e+01
2.264705657958984375e+01
1.604174041748046875e+01
2.384367561340332031e+01
2.257087707519531250e+01
1.208972358703613281e+01
2.293772697448730469e+01
9.852828979492187500e+00
2.132869720458984375e+01
1.509649085998535156e+01
2.302131271362304688e+01
1.724886322021484375e+01
2.019130516052246094e+01
2.880693435668945312e+01
2.774759864807128906e+01
1.906782722473144531e+01
1.740323829650878906e+01
1.969984054565429688e+01
1.800933837890625000e+01
1.924715232849121094e+01
2.960504722595214844e+01
2.189044952392578125e+01
2.163028907775878906e+01
1.370377922058105469e+01
1.464673233032226562e+01
2.000073242187500000e+01
1.864962196350097656e+01
1.380736541748046875e+01
2.058915138244628906e+01
1.623858261108398438e+01
2.491892051696777344e+01
1.761150741577148438e+01
2.524848937988281250e+01
2.115372085571289062e+01
3.018101501464843750e+01
2.499264335632324219e+01
1.886377525329589844e+01
1.764632225036621094e+01
2.219978713989257812e+01
1.892479705810546875e+01
2.422289276123046875e+01
2.195686721801757812e+01
3.359637069702148438e+01
2.556717681884765625e+01
2.067702293395996094e+01
1.574816131591796875e+01
1.213384246826171875e+01
1.247057342529296875e+01
1.302131462097167969e+01
2.360504531860351562e+01
1.499033355712890625e+01
1.793203163146972656e+01
2.411540603637695312e+01
3.320790100097656250e+01
2.236412048339843750e+01
1.522375297546386719e+01
1.760207176208496094e+01
2.179149627685546875e+01
2.321942138671875000e+01
1.869147872924804688e+01
1.514727020263671875e+01
2.095772171020507812e+01
2.328268051147460938e+01
1.112759399414062500e+01
1.425469398498535156e+01
2.361622238159179688e+01
2.362136459350585938e+01
1.530031967163085938e+01
2.152752685546875000e+01
2.947062492370605469e+01
2.958545112609863281e+01
2.299772834777832031e+01
1.235519027709960938e+01
1.708288764953613281e+01
1.053291320800781250e+01
1.879594612121582031e+01
2.159586715698242188e+01
2.551058006286621094e+01
2.287326431274414062e+01
2.204800796508789062e+01
2.360397338867187500e+01
2.287592697143554688e+01
1.376591682434082031e+01
1.680669021606445312e+01
1.143303680419921875e+01
2.112891960144042969e+01
2.162613868713378906e+01
1.501731300354003906e+01
1.509518241882324219e+01
2.570415496826171875e+01
2.418439483642578125e+01
1.264217376708984375e+01
1.305791282653808594e+01
1.835668182373046875e+01
1.201500129699707031e+01
1.957400894165039062e+01
2.828114318847656250e+01
2.949442291259765625e+01
2.147599792480468750e+01
2.567306709289550781e+01
1.576531219482421875e+01
3.020738601684570312e+01
1.671666526794433594e+01
1.869885063171386719e+01
1.246372222900390625e+01
2.832779121398925781e+01
3.121398162841796875e+01
1.446918487548828125e+01
2.164529991149902344e+01
2.724756240844726562e+01
1.635088920593261719e+01
1.828925704956054688e+01
1.703360939025878906e+01
2.679763412475585938e+01
1.824883460998535156e+01
1.777298736572265625e+01
2.430347442626953125e+01
1.434598541259765625e+01
1.751123619079589844e+01
1.576501655578613281e+01
3.316098403930664062e+01
1.635536384582519531e+01
1.458531570434570312e+01
1.410914993286132812e+01
1.294424057006835938e+01
1.515457534790039062e+01
2.471266365051269531e+01
2.265596771240234375e+01
1.909508705139160156e+01
1.463242340087890625e+01
1.936518669128417969e+01
1.307532119750976562e+01
1.680469703674316406e+01
2.458673858642578125e+01
2.399987983703613281e+01
1.150979804992675781e+01
2.406357955932617188e+01
1.785962295532226562e+01
1.079160308837890625e+01
1.166774940490722656e+01
1.796127319335937500e+01
2.799197196960449219e+01
2.069192314147949219e+01
2.785029220581054688e+01
1.775398254394531250e+01
1.529833793640136719e+01
2.994147300720214844e+01
1.324493217468261719e+01
3.074634933471679688e+01
1.268212318420410156e+01
1.843442344665527344e+01
3.056851577758789062e+01
1.762641906738281250e+01
1.690100860595703125e+01
2.011067581176757812e+01
2.021930503845214844e+01
1.754148483276367188e+01
4.194924926757812500e+01
1.680693435668945312e+01
3.136729812622070312e+01
3.758481597900390625e+01
2.169007110595703125e+01
2.246034622192382812e+01
2.366087722778320312e+01
3.006747055053710938e+01
1.797393989562988281e+01
2.677541732788085938e+01
1.151266670227050781e+01
1.847731399536132812e+01
1.742114639282226562e+01
1.586385154724121094e+01
1.685464477539062500e+01
1.326459503173828125e+01
1.920554542541503906e+01
1.526075744628906250e+01
1.297267150878906250e+01
2.377654266357421875e+01
2.865910339355468750e+01
2.516516876220703125e+01
1.741569328308105469e+01
1.996067047119140625e+01
1.109361648559570312e+01
2.308493614196777344e+01
1.913617897033691406e+01
2.406052589416503906e+01
1.585494327545166016e+01
1.223327827453613281e+01
1.968060493469238281e+01
2.758758354187011719e+01
3.453960418701171875e+01
2.494844436645507812e+01
1.568423080444335938e+01
2.064742660522460938e+01
2.034864425659179688e+01
3.632792663574218750e+01
2.382039642333984375e+01
2.425686645507812500e+01
2.035611152648925781e+01
1.938536262512207031e+01
1.971677207946777344e+01
2.013567161560058594e+01
1.442450714111328125e+01
2.418063163757324219e+01
1.161312294006347656e+01
1.759733963012695312e+01
1.802557373046875000e+01
2.211169052124023438e+01
1.509335708618164062e+01
2.826021957397460938e+01
1.808107757568359375e+01
2.381673049926757812e+01
2.921232223510742188e+01
2.309066009521484375e+01
2.447798156738281250e+01
1.592299079895019531e+01
1.470830726623535156e+01
2.045305061340332031e+01
2.045938682556152344e+01
3.448571395874023438e+01
1.908522987365722656e+01
3.087802124023437500e+01
1.617484283447265625e+01
2.089719963073730469e+01
2.642653656005859375e+01
2.480761909484863281e+01
1.759225845336914062e+01
3.334932708740234375e+01
2.351388168334960938e+01
2.852099227905273438e+01
1.948060226440429688e+01
1.511101150512695312e+01
1.428738403320312500e+01
2.828187561035156250e+01
1.504953765869140625e+01
4.247484970092773438e+01
2.987661933898925781e+01
1.749470520019531250e+01
2.357841491699218750e+01
1.615015411376953125e+01
1.242198944091796875e+01
1.568514060974121094e+01
1.868755912780761719e+01
2.659838104248046875e+01
2.825870704650878906e+01
1.650735664367675781e+01
1.751031303405761719e+01
1.341673278808593750e+01
2.702674484252929688e+01
1.550352096557617188e+01
3.583454895019531250e+01
1.984212875366210938e+01
2.152827072143554688e+01
1.540887260437011719e+01
3.712850952148437500e+01
1.429098510742187500e+01
2.409043693542480469e+01
2.086478424072265625e+01
2.650396728515625000e+01
1.507743263244628906e+01
2.548624801635742188e+01
1.553343868255615234e+01
1.565587806701660156e+01
1.176747894287109375e+01
1.629310417175292969e+01
1.293174362182617188e+01
1.545270538330078125e+01
1.182886505126953125e+01
1.613360595703125000e+01
1.698769378662109375e+01
1.735769462585449219e+01
1.856902885437011719e+01
2.029444694519042969e+01
1.069744682312011719e+01
3.744778442382812500e+01
1.903358078002929688e+01
1.561731147766113281e+01
2.344963836669921875e+01
2.289330673217773438e+01
2.049835014343261719e+01
2.175391387939453125e+01
1.749530792236328125e+01
1.898547744750976562e+01
2.930621337890625000e+01
1.909025573730468750e+01
