2.000000000000000000e+00 4.000000000000000000e+00 5.377000000000000000e+03 1.728266000000000000e+07 0.000000000000000000e+00
0.000000000000000000e+00 2.000000000000000000e+00 2.489000000000000000e+03 2.367256000000000000e+06 1.000000000000000000e+00
1.000000000000000000e+00 1.000000000000000000e+00 7.310000000000000000e+02 7.122650000000000000e+05 1.000000000000000000e+00
3.000000000000000000e+00 3.000000000000000000e+00 1.125100000000000000e+04 1.483278000000000000e+06 1.000000000000000000e+00
2.000000000000000000e+00 0.000000000000000000e+00 7.700000000000000000e+01 2.023600000000000000e+05 0.000000000000000000e+00
2.000000000000000000e+00 2.000000000000000000e+00 1.571300000000000000e+04 2.832611000000000000e+06 0.000000000000000000e+00
4.000000000000000000e+00 1.000000000000000000e+00 2.580000000000000000e+02 1.058200000000000000e+06 1.000000000000000000e+00
0.000000000000000000e+00 1.000000000000000000e+00 6.000000000000000000e+00 7.265610000000000000e+05 0.000000000000000000e+00
2.000000000000000000e+00 3.000000000000000000e+00 2.720000000000000000e+04 1.777374000000000000e+06 1.000000000000000000e+00
4.000000000000000000e+00 0.000000000000000000e+00 1.400000000000000000e+01 2.656370000000000000e+05 0.000000000000000000e+00
3.000000000000000000e+00 2.000000000000000000e+00 2.389600000000000000e+04 2.276276000000000000e+06 1.000000000000000000e+00
4.000000000000000000e+00 4.000000000000000000e+00 1.606800000000000000e+04 2.184591200000000000e+07 1.000000000000000000e+00
3.000000000000000000e+00 4.000000000000000000e+00 2.152000000000000000e+03 1.442295600000000000e+07 0.000000000000000000e+00
2.000000000000000000e+00 3.000000000000000000e+00 5.153000000000000000e+03 1.845800000000000000e+06 0.000000000000000000e+00
2.000000000000000000e+00 0.000000000000000000e+00 4.170000000000000000e+02 1.948580000000000000e+05 1.000000000000000000e+00
3.000000000000000000e+00 1.000000000000000000e+00 6.900000000000000000e+01 6.986370000000000000e+05 0.000000000000000000e+00
1.000000000000000000e+00 3.000000000000000000e+00 4.660000000000000000e+03 1.630887000000000000e+06 0.000000000000000000e+00
4.000000000000000000e+00 1.000000000000000000e+00 5.500000000000000000e+01 1.098938000000000000e+06 0.000000000000000000e+00
0.000000000000000000e+00 2.000000000000000000e+00 1.490000000000000000e+03 2.458391000000000000e+06 0.000000000000000000e+00
4.000000000000000000e+00 3.000000000000000000e+00 9.100000000000000000e+02 2.422980000000000000e+06 0.000000000000000000e+00
4.000000000000000000e+00 2.000000000000000000e+00 1.016900000000000000e+04 3.580523000000000000e+06 1.000000000000000000e+00
0.000000000000000000e+00 4.000000000000000000e+00 4.900000000000000000e+02 1.499942300000000000e+07 0.000000000000000000e+00
1.000000000000000000e+00 0.000000000000000000e+00 7.800000000000000000e+01 1.787980000000000000e+05 0.000000000000000000e+00
4.000000000000000000e+00 2.000000000000000000e+00 2.534000000000000000e+03 3.718366000000000000e+06 0.000000000000000000e+00
3.000000000000000000e+00 0.000000000000000000e+00 3.100000000000000000e+01 1.688760000000000000e+05 0.000000000000000000e+00
3.000000000000000000e+00 0.000000000000000000e+00 1.400000000000000000e+02 1.626160000000000000e+05 1.000000000000000000e+00
1.000000000000000000e+00 3.000000000000000000e+00 2.071200000000000000e+04 1.570428000000000000e+06 1.000000000000000000e+00
1.000000000000000000e+00 4.000000000000000000e+00 5.530000000000000000e+04 1.470429300000000000e+07 1.000000000000000000e+00
2.000000000000000000e+00 1.000000000000000000e+00 1.162000000000000000e+03 8.061250000000000000e+05 1.000000000000000000e+00
3.000000000000000000e+00 3.000000000000000000e+00 1.944000000000000000e+03 1.540381000000000000e+06 0.000000000000000000e+00
2.000000000000000000e+00 2.000000000000000000e+00 5.177600000000000000e+04 2.727604000000000000e+06 1.000000000000000000e+00
1.000000000000000000e+00 1.000000000000000000e+00 8.300000000000000000e+01 7.396860000000000000e+05 0.000000000000000000e+00
1.000000000000000000e+00 4.000000000000000000e+00 4.788000000000000000e+03 1.527037800000000000e+07 0.000000000000000000e+00
3.000000000000000000e+00 4.000000000000000000e+00 3.800600000000000000e+04 1.388828500000000000e+07 1.000000000000000000e+00
0.000000000000000000e+00 0.000000000000000000e+00 3.000000000000000000e+00 1.756260000000000000e+05 0.000000000000000000e+00
0.000000000000000000e+00 3.000000000000000000e+00 1.363000000000000000e+03 1.542563000000000000e+06 1.000000000000000000e+00
1.000000000000000000e+00 2.000000000000000000e+00 3.420400000000000000e+04 2.410019000000000000e+06 1.000000000000000000e+00
