-0.8288337943564406  -0.8785367514654683
-0.343093823737905  -0.5598794164239336
0.4433553269884212  1.0261034879837279
0.7860165481240806  1.6936388077296445
0.894990758347402  1.7723756519756124
0.36533244942648835  0.8356321360604229
0.9363489456472919  1.7761875927857662
-0.2860018176759328  -0.48490724080048586
0.7727163552192503  1.6779523019278786
-0.3672977473926544  -0.5893987727699125
-0.42162712167229444  -0.6506935905242156
-0.4825253333954943  -0.7111257353851274
-0.04734303638743409  -0.09241173705140387
0.6022598251422708  1.388541805591606
-0.8913648239517813  -0.8746123750725437
0.2302871342707531  0.5078012372806404
-0.47394885693159405  -0.7031497590486498
-0.5372273970428234  -0.7578168595380981
0.3397053207480032  0.7727659192943559
-0.4401702116529752  -0.670027517404099
0.6425900039125229  1.4694234725487707
-0.13524406090593022  -0.25151881979233154
0.019979044539357727  0.0403545117944967
-0.004704843497498112  -0.009387516971768924
-0.2781664354482073  -0.4740364213930166
0.43480094867831176  1.0053964416575973
0.5168073282485081  1.2001515515347172
-0.39242948891536633  -0.6186103058542972
0.14992665412045014  0.3209174594963843
0.8176314174631133  1.7259477370710123
0.3566328534003036  0.8142849223700821
-0.14860580702046966  -0.27424428340820983
-0.41425065941437333  -0.6427770548594658
-0.962599230508007  -0.8566736852124485
-0.0569752527814692  -0.11064765858429253
-0.5993150357050545  -0.8019122504024718
0.969232605322484  1.7679217684901234
-0.24608638879308498  -0.4280755061017969
0.09771936018344907  0.20462675038357506
0.7717839717442674  1.6768080055809862
-0.06071779326350324  -0.11768072434650628
0.2682327221101768  0.598685981103857
-0.28700026982438165  -0.4862824548918392
0.9158584811110821  1.77623129832877
-0.9468315822134304  -0.861888686596072
0.2595741945635851  0.5778279314090048
-0.3897581582165994  -0.6155752525528476
0.0398632664658195  0.0812931859096889
0.9016698076608135  1.7740306271986568
0.3540723219726972  0.8080023517733524
0.6887928125669237  1.5536932173512212
0.5586565456150604  1.2948621840915604
0.21870448302258916  0.480356618461672
0.10222263108002705  0.21447854866822363
-0.3561563699307727  -0.5759790743088469
-0.4925090937489328  -0.7201878499111946
-0.1605897705905508  -0.29429323439794397
0.14187499750822619  0.3026953284561865
-0.12697981574735662  -0.2372678857553166
-0.6525066276963183  -0.8319838376471493
-0.994437399484803  -0.8439841256177258
0.6445944115779562  1.473276872898023
0.7883374185035348  1.6962522839507759
-0.9014958915283093  -0.8729402803893235
0.35026270476653576  0.7986560436742369
0.011835763180271686  0.023811049053950855
-0.422510240655101  -0.651632780576862
-0.8891640162777515  -0.874937215801277
0.1451855579647301  0.31017546880311386
0.3079016221712949  0.6949680238327867
-0.1770185918434305  -0.32126378085194074
0.6256618850473996  1.4362283076813989
0.22710316468386238  0.5002418849273047
-0.08559739139790834  -0.16368348704808894
-0.5730501280980712  -0.7844274737127105
-0.8802520004909982  -0.8761127436987557
0.7089348094438501  1.5871782975851372
-0.5856932976454237  -0.7930595582777045
0.009418990303444619  0.018926415471211724
-0.6697821534597536  -0.8401904153680692
-0.6881708201572044  -0.8480739229845307
-0.7727485046029686  -0.8728128559790209
-0.1709485937714068  -0.3113683914907154
0.03635586884279718  0.07401656461417688
0.6763416739562368  1.5319625938506551
0.3075471399105967  0.6941032905207807
-0.5081787230798118  -0.7339260753637518
-0.9043916159859761  -0.8724089333277946
-0.5991552028060139  -0.8018110773332178
0.35034205670449126  0.7988507055588819
0.8195556179454105  1.7276786239525381
0.054332493944247995  0.1115589551013447
-0.67043320210416  -0.8404845712645106
-0.03929721031918587  -0.07703106895124306
-0.23777083292540213  -0.41578209632754287
0.15358884588911104  0.32923854038066225
0.7916111482012251  1.6998751255945257
0.5949647852290249  1.37328264589336
0.5986734387901044  1.3810624335859614
0.34486627881799115  0.7854198571146085
0.3834480243179962  0.8800681018424986
-0.26432837279309485  -0.4544966729027885
0.25418716431128974  0.5648843915682986
-0.1078521010937249  -0.20371475392944177
0.717725620747172  1.6011125127971928
0.7368894113735738  1.6299734505281307
-0.8799222298908597  -0.876151940557978
-0.9823031236921257  -0.8491608798986964
0.8840996642269969  1.7688415042245351
-0.24046871546780635  -0.4197876292378631
-0.7236794385988915  -0.8607839123903286
0.26889880008647815  0.6002931836188612
0.5008979532022302  1.163165667076981
-0.25584050460591057  -0.44229671769338263
-0.04280178931612533  -0.08374705739254519
-0.008793211647623811  -0.017508879056003634
-0.15854359856410405  -0.2908923952524415
-0.67701179323243  -0.8433950595560133
0.18633668430106154  0.4045222876528907
-0.38361986917635926  -0.608538069948114
-0.37041395694389445  -0.5931006833667694
0.2879053196124629  0.646300709201364
0.8922300474515804  1.7715772875869351
-0.17477447319373574  -0.3176148921157058
-0.4983290580149743  -0.7253597344538192
0.626399002450802  1.4376973482046513
0.8902803530497502  1.770973433249926
0.0741196905634689  0.15358118712567143
0.7184957486172884  1.6023128420502348
-0.6631210363285616  -0.8371176009735675
0.8283401284123166  1.735225224630893
-0.44782738657711296  -0.677773869822305
-0.5986170141814969  -0.801469935282145
-0.23509425061796818  -0.41179198744305723
-0.8722583960084862  -0.8769765313994291
0.6208936956927186  1.4266753827332688
0.26800821865939406  0.5981443521197887
-0.8432694053774539  -0.8786030171247071
0.06931685420376232  0.14331518637710178
-0.8719326088206949  -0.8770079185884079
-0.4799454886310014  -0.708745082286433
0.2481815824143897  0.5504866653560188
0.7104195344897413  1.5895614777080311
0.1061740427686898  0.2231518229274725
-0.08910351795141935  -0.17006065698300243
0.27941019239996423  0.625703652299834
-0.4780539123528932  -0.7069894048795066
0.6091628468067259  1.4028133570242
0.5968235323438894  1.3771875310225812
0.4122172171070473  0.9504547229490301
0.1250488877567273  0.2649457204630638
-0.3744752664458225  -0.5978914621065499
0.4530847190595926  1.049569818326477
0.9586847141738498  1.7716916224992159
0.7934133286890817  1.701837501895322
-0.24583993440872698  -0.4277133996091218
0.746434974277985  1.64354091788383
0.17086726225681115  0.3687680062898084
-0.8530463184295565  -0.8783176617572938
0.5173706738463085  1.2014523036501268
0.7617701400755086  1.664158014205937
-0.15992050982744765  -0.2931819049449558
0.31686807111535753  0.7168614386837266
0.6951885175362059  1.5645544733893506
0.6407333842198863  1.4658392837644807
0.29786232771325316  0.6705043226590066
-0.4719287255305381  -0.7012454154416283
0.8395311290506973  1.7439802324350069
0.04063916714134985  0.0829060858407797
-0.6875685965088496  -0.8478297284730869
0.35530923978491824  0.8110372212548678
0.2785176036695768  0.623542554206752
-0.2552093262898687  -0.4413829858066326
-0.3618002825045281  -0.5828130868629562
0.09913744442286776  0.20772530417646318
-0.5130572013792664  -0.7380818823602213
-0.7340412499356238  -0.8638625821974557
-0.10350462848668562  -0.19597823451778174
0.9707990495032709  1.7672707647170856
-0.8169611169787494  -0.8780482473294712
-0.3176112663142384  -0.5273397201059722
0.16732828174595138  0.3606359056946392
0.14243214013967453  0.3039529829574385
-0.37713596943187677  -0.601009269123395
0.7907490328646092  1.6989283272540012
0.7262248055467249  1.6141738457057913
-0.8380509033086515  -0.8786460539669043
0.8158089465708582  1.7242828194127306
-0.5499013509927172  -0.7675935881257336
0.567235715956834  1.3137396883307528
-0.5271523757094237  -0.7497639044184048
0.5900539553932628  1.3629114510104448
0.27813706526715276  0.6226213931499287
0.41696821473882173  0.9620413926753261
-0.26041778540284677  -0.4488960935861908
-0.07345932348678863  -0.14140378576712825
-0.526727191106757  -0.7494185967723188
0.2899887703249465  0.6513598726449716
-0.07612799610548215  -0.14632903789515278
-0.09059701218490279  -0.17276914490498252