0.4453345034221379  -0.5155506816708814  0.7495404241072803
0.35630038791435603  -0.3408901508387836  0.6574759803099611
0.7648227934412704  0.16210490812887013  1.3666629888200539
-0.3475344092164947  0.46263318826587785  -0.6095579079726913
-0.4486357157173396  -0.27500525170070755  -0.8348769517843437
0.5959707576859895  0.09291090596470086  1.1177828344693543
-0.3522148054158515  -0.794626582939824  -0.48334885207569417
0.4900094208763076  0.7500144761686579  0.6887063235781643
-0.6407321294417774  0.4117582547342076  -1.0956379774671157
0.0798862749021414  -0.9864661126029737  0.08804334931854373
0.8445127144966603  0.5848818183862592  1.246743248776546
0.6123239667757053  -0.338366364262515  1.084360424829274
0.2721030531760721  0.5017372986243752  0.4712657426046892
0.035849431759908845  0.7725215942994651  0.05133635978642633
0.8437435259284211  0.3440812087500623  1.406687479357327
0.2261300120790053  -0.6082989079197464  0.36797932244156745
-0.8676313085809447  0.9195755219802108  -0.9247536378717998
-0.5921212763573145  0.8125306358021682  -0.7676006390444983
-0.2737658089502363  -0.18985419928933878  -0.5310020802944755
0.4829796069881376  -0.07585029656133657  0.9261693842953312
0.9791380258293909  0.5319988190293872  1.4306086656601182
-0.4704197350802849  0.3934054865151184  -0.8372708702693844
-0.9079743396751271  -0.8830523632215576  -1.0007665452175767
0.6949716184456566  -0.41090628849561905  1.1741185066404798
-0.3967122203704887  0.7230662667863395  -0.5794122550193581
0.3665102200320438  -0.4305020069275015  0.6513231686445277
0.3310344232805692  -0.21889408865669324  0.634531728683674
-0.5442270799546977  0.2752272551282009  -0.9965408204310618
-0.0879083002273805  0.674023387146234  -0.13719161521268078
-0.0992299545166726  0.7140428639049043  -0.1497341929300141
0.7760826468977791  0.6828082489353523  1.0868843258945808
-0.4101786424366558  0.5832630788248491  -0.6656879478993596
0.11142429744850801  0.37228610091723324  0.207153799278841
-0.7503884299683317  -0.2889763174684893  -1.307295466386602
-0.6469946480549135  0.7112172819226281  -0.9133104112748437
-0.40088603203815687  0.9266308876453034  -0.4686958224728031
-0.760662314126996  0.7820811762643183  -0.9781893205273438
-0.4408383515505705  -0.6490866786397449  -0.679845848869729
-0.43473504575666133  -0.9336330718538548  -0.5011231036639937
-0.6130667252864934  0.19707622873641395  -1.1284818855581975
-0.23261182328733543  0.9735263425444518  -0.25928275250438465
-0.09211245938998835  -0.1732437830695983  -0.18121071048751672
-0.16746842254918504  -0.7148216046840274  -0.25176702658209565
-0.8652565855704312  -0.8929335137789008  -0.9548197138383887
-0.1887857698879709  0.7774416413904466  -0.26750357608724046
-0.5083742016479884  0.634998474001472  -0.7837505689848373
-0.49602428381207264  0.16442552313392123  -0.939027242846181
0.6494927971895701  -0.20054720428495532  1.1853226595198978
0.677477923528754  -0.7099408743823588  0.9507761553461505
-0.380030361059981  -0.6763019071554908  -0.5786003343379275
-0.009473135828630741  -0.536316099648345  -0.01628591247116273
0.3291371204613994  -0.7048098708369972  0.4924258460987368
0.020399668741387544  -0.4938601029803301  0.03592171778424243
0.3582066731941955  -0.8519464528075488  0.4617477271889202
-0.39998491888923016  0.6010792196981659  -0.642303765517631
-0.6739347008678912  0.501918865889825  -1.0941873694820834
0.4317930563978223  -0.49333786948867153  0.7371935845042683
0.1783881263051239  -0.22339637307337834  0.3460683017126041
0.6518047673609575  -0.1424228152968866  1.2009602356733338
0.668129804160877  -0.562649387889644  1.0480338782984064
0.3344059858133509  0.773369659218249  0.46970576729413926
0.9218777245698497  -0.5089969971708755  1.391476578110874
-0.5160956970080461  -0.20192588377046594  -0.9669230215604552
-0.153436616459935  0.4258855625896789  -0.27836598153707226
0.564254647832781  -0.29791702430593636  1.0224576188913157
-0.8953284209958955  -0.48212098465988884  -1.3829155195451552
-0.15156112059845483  0.07643194852967361  -0.30108150016924695
-0.27588988370884937  0.6898476833418098  -0.42023269887388176
0.9148874918428535  -0.9881593365046905  0.8721043900072513
0.28145566360899443  0.6496309613647265  0.442355477730323
-0.9601750760170874  0.35852295427775527  -1.5343964193323718
-0.8940763554825105  -0.31239880819526944  -1.483792226929545
0.7619035819206474  0.976734149239536  0.7727657732142039
-0.6681377802967724  0.24010802356861738  -1.2035050059077326
-0.3280111404468139  -0.5028920360566262  -0.5645497508757676
-0.07597508515990747  0.43200865522631304  -0.13785727353013436
-0.8297677842233683  -0.41432010679279285  -1.3507033920394995
-0.7984651680385138  -0.1846157950672519  -1.408227930975096
0.19307599947077447  -0.500066641292072  0.33676643750729285
-0.5626108188601263  0.2773988971916196  -1.0260104231179685
0.5155041848253871  -0.611673704194426  0.807183158762754
0.4008986065417012  0.08234014210008944  0.777847379851169
-0.10521678610079177  -0.24381622247283907  -0.20383316419323141
0.6089513054803403  0.7465885521107714  0.8397185538986736
-0.5676377129322913  0.1332395994770157  -1.0657529369656131
-0.7565503589854686  0.109265034822428  -1.3646469766827456
0.7175862823339053  0.08971161722605481  1.3098475380646502
0.9259561710614225  -0.40500402896010435  1.4690831145726166
-0.33379389708600893  0.6977112262237535  -0.5021351467863413
0.7397022438088094  -0.45011509281508244  1.213857653829414
-0.4548134129115201  -0.9196858005937868  -0.5324867720117711
-0.5424110986660218  -0.9775131927203838  -0.5772033118378624
-0.23665474826551025  -0.3864272631347413  -0.43432758179261416
-0.42802683791061225  0.11211609433202119  -0.8249408549415582
0.43994079500894556  -0.7510788551447513  0.6226051960947733
-0.2811584367413199  0.8906884828139392  -0.34898740566175296
-0.6155087434802518  0.7122463186679419  -0.8740238024379176
0.020579331987942817  0.9136944956294196  0.02513895609297956
0.6303553210301222  -0.5585324915724879  0.9997161332099206
-0.2015607164964528  -0.05929953590598325  -0.3996936091555526
0.5794211853685765  -0.5595507228678406  0.9280728454544102
0.7244793908132172  -0.03205786906370578  1.3248103042575954
-0.5123516508079797  0.5132325769389359  -0.8541363895465038
-0.7985113475999233  -0.9049804512927021  -0.8849407988957849
-0.05809087728759399  -0.8702878136612688  -0.07484940463317213
0.4753036319587456  -0.7406680405287308  0.6754464841479189
-0.6346323425360498  0.28638053371459427  -1.137469913893864
-0.9680325111468984  -0.5452129404225324  -1.4086777530651553
-0.8077476654265328  0.22146491718155403  -1.4101617165900724
-0.8415611136033204  -0.8709392869555771  -0.9606028192428295
-0.7229629037397298  0.4124077993710593  -1.2122778318558
0.7504771533074112  0.1972114094855172  1.3375373725412756
-0.7319847030280257  0.11627221696877532  -1.3276691764690656
0.23022572583854606  0.09206419994142301  0.45446180599370045
-0.11136384912332398  0.9623298165454367  -0.12705035798242678
-0.644578527129208  0.10399129379575522  -1.195231195258535
0.5112082884834842  -0.894015184830815  0.6127984307947765
-0.5581506848382598  0.31869000032723627  -1.0059008089810462
0.7496355668527638  0.9387694183872839  0.8050838068837339
0.8490671124472402  -0.7088478736976858  1.1396772416843892
0.19942737022257673  0.6532966074462783  0.31462908206460044
-0.883292672159055  0.428238722248487  -1.4060894628914227
0.10267665555011818  0.8715615090246033  0.1319398999452396
-0.1333017396059708  -0.3796671932798861  -0.24688543558034765
-0.14339332836738572  0.4783954012836277  -0.2537189112056991
0.10002351736786663  0.997984581745684  0.10824421458258045
-0.8439695995663324  0.06648462518053277  -1.4912716678261444
-0.16433759339373477  0.7159369727449759  -0.24686372002873908
-0.30664043282468434  0.5605475545717403  -0.5113249370721489
0.6944100273817216  0.956572390250313  0.7376171826120091
0.3637725378231943  0.8395471874940825  0.4752096759661407
0.0250811763305252  -0.35901976796616264  0.046959161794157
-0.8397659960544884  -0.5138427152112376  -1.2966909320910438
-0.728193552338091  0.8854814562091043  -0.8424406814927116
0.7619689499014395  -0.8553891846160728  0.9056317858907704
0.3466581807014232  -0.27019703536764605  0.6548594843016791
0.5283283253073605  -0.2997068016576774  0.9632390335658926
0.6743023359624933  -0.2030089062872118  1.2230620369995746
0.17619229580804696  -0.38074294950845244  0.32545987633841245
0.9478471045859932  -0.6411868556584657  1.3017100829664487
-0.5710296121262078  0.694449843093675  -0.8306446149963044
-0.462081672966584  0.6166677610334219  -0.7273965538422477
-0.007755800854682193  0.8625294663621086  -0.010090481872790326
-0.12540803729715866  -0.9582844605862189  -0.14382262534287774
0.993390457505824  -0.1611154644573698  1.6540600783371326
-0.1070283439136338  0.039464439987875854  -0.21348189878048435
0.8510819525763974  -0.7450494520779207  1.1055130109288958
0.7713624682217969  0.2539693098402458  1.3495025529985356
0.8859109715511796  -0.3198763009870551  1.4704099294419246
0.597666883141823  0.6313413434529712  0.9084887540030655
0.7067405762140456  0.8518610797118716  0.8553139783387175
0.3067566125785791  0.2487680521393405  0.5853452069048787
-0.5707529144766847  0.9504777535448793  -0.6281069510518099
0.2913075223610845  -0.7491400654209273  0.4206258083761889
0.36386790842318206  0.9753195318360515  0.3992416686608085
0.01616715104159505  -0.9113582472066908  0.019809485782713764
0.7472667755353292  0.6057398668173437  1.1174323422240393
0.9307768317563359  0.366761348090483  1.4974807776171184
-0.6746536389923511  0.5403855628554284  -1.0712480614512048
-0.7431852670849118  -0.9463421955844508  -0.7911973993406692
0.6442257960635435  0.46688539648693395  1.0726045493903655
0.5358134929433492  0.9617681840395336  0.584130650275033
0.8117467834257082  0.33919424880543503  1.3683085023619044
0.06434087166148938  -0.8568168993275624  0.08420865402989368
0.21541890622214122  -0.02946939147664962  0.427327719634432
-0.8456736266599296  0.9554984329443714  -0.8639765033517863
-0.49884500680954313  -0.3690062830614945  -0.892415853871333
0.9974057622826458  0.5228099921463737  1.4557000066986494
0.4552930988515085  0.5729441630674511  0.7390103315107276
-0.6935912768265153  0.5408243613599105  -1.0961288846999395
0.635396669619576  0.7485489442179131  0.8696831624620174
-0.019741278641858595  0.6868479608710438  -0.030527848012776915
0.9826249794016977  -0.13740034894430142  1.6482316645679713
-0.6790913924836115  -0.13501590958633714  -1.2447403246775968
-0.6982584569837696  0.5363847824606413  -1.1051982507825058
0.6733318657571097  0.34436770554281015  1.1739647087198413
0.1427405269999782  0.9077837366379888  0.17511579619570838
-0.7707542199517111  -0.7547356812142759  -1.0149916931511682
-0.7963156682250686  -0.029830325425967086  -1.428932656016589
0.3153733713866329  0.7993778371837051  0.43247384321929744
0.012590405496088253  0.48889428096167264  0.0222303596200748
-0.01988161307765768  -0.3260132112957157  -0.03766628476289178
0.27848629350837595  0.7840790015616655  0.3892806334696157
-0.6367606536518323  -0.064721717828232  -1.186698267165663
-0.8580283358018705  0.5437321485903801  -1.2948946391297098
0.3946169872983918  -0.314116993365011  0.7312862268629867
0.35119423183293474  -0.1585659224927234  0.679407159437509
-0.41554651013956434  -0.36148912324118354  -0.7551999868904876
-0.7889281481106025  0.6632634445266256  -1.1183089229096492
-0.854422824573222  -0.08656263464630021  -1.5027363738263417
-0.24831069418935314  -0.6712443246198648  -0.384894602614461
0.5984194253705943  0.7035692387264492  0.8591320891306217
0.585314691316194  -0.13743580295800206  1.094504620756692
-0.1764207246489119  0.10706612106768598  -0.34900403080730635
0.11472735834661818  -0.8213271455640205  0.1559733983218361
0.21047535663814287  0.9410324261920435  0.2460941673536861
-0.9264726711886274  0.5052818698906029  -1.3991967249965815
-0.7179505135464296  -0.39907103394355103  -1.2123015178577219
0.9141383646057746  -0.3271789460442128  1.500042948503488
0.7820344920090825  -0.17997407625205597  1.386683677272838
