43.204720716654975  11.021472999723468
-3.9007866932535054  5.899309670396555
46.612016987833044  11.18315835613692
24.661749690900216  9.82718984383622
15.720877884651136  8.86812791301052
-17.367593406606062  9.080310826459034
-13.851010798474261  8.598402991154448
-23.1363413930518  9.691191801815327
-36.36159728353554  10.654183111813683
-38.37356772193427  10.768895718668325
-0.905113414244979  2.7876495998888844
20.391839354901336  9.422237100982565
39.159579697298255  10.812084030293878
25.26109410242116  9.878335365089276
-13.698696398326604  8.574850437536764
-5.27606539020688  6.54257473908086
-18.9698252394384  9.268269587154819
46.05461194171118  11.157533444954788
-28.31479956962722  10.12140924261773
24.935043257913236  9.850663990244398
-7.5273508102395414  7.29949693480449
31.66387798490606  10.359526020444719
12.064392758176085  8.304250321604606
-43.781627815591214  11.049726401747671
9.218324427277075  7.731141704832423
15.32842960649075  8.814280699090023
-27.347214530690668  10.047349264924794
-41.989788580941486  10.960718359155702
-22.713595833477196  9.651912639662257
-45.353101771324525  11.124839355170987
6.196320438108449  6.885025509257346
-36.09663380316019  10.638605178972881
29.740569082258617  10.226050722085255
-21.51456331941537  9.53639504807784
-8.056702728810212  7.444254333872499
18.40559691726779  9.20395472111979
38.95879810474004  10.80113485940965
-32.91137477774326  10.441833055558735
24.56904522619885  9.819168005328867
15.058045377395512  8.776373465102736
31.156667320670135  10.325130197031605
-16.48517549923089  8.969243042844543
-22.912861618050258  9.670517582644138
-4.876869871197487  6.37499265571153
11.80094259956177  8.25722214244815
10.958182722299576  8.099404155034566
23.608987881917326  9.734266536625086
-22.38446964479021  9.620822559816581
38.347963265835716  10.767474018845276
-0.5122470156863235  1.5751400831433533
39.58959441073518  10.835346253773004
-38.75887100342481  10.790176073073011
-2.6646503204541707  5.087555143175716
26.17731712698031  9.954222680584039
-10.814588603606456  8.071308521013957
23.9155315448524  9.761744860041809
-13.409522591588141  8.52940565391404
40.60220328037393  10.889141569555694
-2.7464704066819277  5.151974355491673
41.388716171906566  10.930007652261953
39.28831314054911  10.819074721065512
-43.64815091183968  11.04322275893832
-47.59143889756442  11.227450655632529
-15.235177202792515  8.801283003008358
-41.725758141735774  10.947282701808122
12.075781285450299  8.306260047371275
44.37270233399923  11.078290116981183
34.79416960223824  10.560328143392077
-44.68456594706348  11.093207983292213
26.488551042958026  9.979397845503762
-47.62269073229924  11.2288489021036
28.811681096633375  10.158463313899018
-10.114559758630403  7.9287687651017205
2.6509520140017564  5.076577099486068
14.764060736434976  8.734377264825383
45.173079715635744  11.116367828419715
9.829387667664196  7.867852243237995
-2.3172557895529855  4.790017145168186
49.09505528295831  11.293705227268182
16.287204198494482  8.943508933587665
-8.48520770358719  7.554630923650724
30.786694950688155  10.299685968944338
18.703041903227835  9.238101561809412
23.026258381510463  9.681033047317277
-47.77515498657126  11.235657213877236
24.54351527465477  9.816953549347247
1.6007037572024485  4.002044401087769
-42.049695301770726  10.963755058837425
48.955390961424044  11.287637224164534
42.54546482093147  10.988721053676528
-3.9125859071158398  5.905742832084076
-22.32660521271524  9.615309325812508
-29.382960822572755  10.200283827470717
-48.9918187769377  11.289221572525836
21.035394155928266  9.488419749079027
-36.71995028393123  10.675072051193494
-8.872654142826248  7.649734574177755
13.732135738883516  8.580043559663865
-11.353669814625572  8.174922379739886
43.607310000242194  11.041228817306564
13.369507592215617  8.523040075211993
-8.86952199675186  7.64898252762436
-28.313111500663112  10.121282252699627
21.686649456335612  9.553364266614935
16.685560376661723  8.994978075237997
46.5672520890971  11.181111779841835
-9.437090143159194  7.781099569247395
8.351926337282489  7.520908410136247
45.86388397758476  11.14869406736132
33.58517203944398  10.48500032838601
0.2175546942623341  -0.24889963337182186
-28.322184398032352  10.121964698911132
12.109918865397951  8.312272946987417
12.65239330134783  8.4056128129601
-46.71973392449984  11.188074950430476
44.56914468655138  11.087699026405366
17.16954826045052  9.05588258691061
-19.425362327991913  9.318814438823502
-23.21078474135202  9.698034274325096
48.01207021054946  11.246193701494551
24.53534400664929  9.81624429076759
-6.485465824782549  6.982170566627413
20.155669213059014  9.397424326605012
25.93506650895645  9.9344194208882
25.926816883913084  9.933741786358137
22.597916315628858  9.64103690867695
-3.5193283795990684  5.680115462429866
11.630782530319378  8.226285681995366
26.117509282637684  9.949350658904752
-36.28373281360296  10.649617054112593
-18.47234732043484  9.211665482495173
-19.385795414054407  9.314471483818435
13.371186891259457  8.523307600572661
-7.649216191733527  7.333704781903555
-49.318063396651475  11.30335857636608
-9.59681709839344  7.816849076357192
28.5013587227764  10.135397250123997
-41.372396693105486  10.92916763237596
12.742247987133904  8.420686172514934
-8.543161479006416  7.569129319466123
42.882789040516336  11.00554228762375
-46.76349296052672  11.19006903550115
3.3321942124629746  5.56373405057513
26.139770618423736  9.951165397374965
-4.620634298282278  6.260033137997487
37.89654325564073  10.742251589031152
28.7202661060191  10.151694410590736
22.856381657961368  9.66526067353034
-12.522293911421023  8.38359751122732
27.95188104733446  10.093931980266799
16.677633943561133  8.99396598373022
-23.912293229160703  9.761456424911572
29.51898987713575  10.210121953301247
7.1142710234815  7.179278900101452
-48.017164130284556  11.246419675368452
-14.842483976976922  8.745661384242181
-0.7485808418097484  2.3832029584081047
-42.63906163506782  10.99340174634764
-17.260098176211635  9.067086406015626
-27.57968040253489  10.06537887552194
-46.638039294952314  11.18434714931973
3.0287955291819433  5.360391504037517
-47.67938766293297  11.23138325347412
-40.30829135835629  10.873666811916134
8.013483441977948  7.432797428280696
35.65530123844082  10.612402395250477
-38.55323001779927  10.778844953453127
-17.519954966100286  9.098915297113745
28.51762593389104  10.13661260535429
18.61737124939741  9.228322526811143
-0.24557543860803666  0.009158171105599244
8.936787926633011  7.665075374802284
-19.42891519101822  9.319203976282457
-13.141695189944503  8.486432731150474
-37.076062770965365  10.695629407990419
-7.267223824714003  7.224587368297712
-13.353643111241247  8.52051108087146
12.41481525481231  8.365236846035689
-18.850057096938016  9.254778958387035
-35.1206818940043  10.580223093399756
26.201708607729124  9.956206446300245
16.37642962314983  8.955145766664243
-39.39014240752537  10.82458821159489
40.831139591132974  10.90111788317408
11.358707198445234  8.175867206228602
9.709462273629176  7.841704921585478
44.44366884065589  11.081693964477948
-31.425965153174385  10.34346141452675
6.0314539912362575  6.827584669857536
32.029885410931925  10.384005792308326
21.936604638306505  9.57777374157386
-8.52527218949916  7.564664445729852
37.37099973368211  10.712506340299427
-5.109364661059857  6.474189886345732
-34.70218522052966  10.554689665001305
-49.56829596886629  11.31413855694002
-25.166671596447642  9.870358800195758
21.856379390265744  9.569969753182967
-39.53354253950323  10.832328413219711
-42.437203132529596  10.983294123065992
