-0.4518593427524915  0.17487823524003354  1.5407546619558103  0.09554319178327607
0.8117379987705481  0.9235431860779176  1.459738083181932  -1.1487118258587965
0.39042481827437603  -0.07472735436928868  1.547403233641985  0.03803882465244392
-0.12559088590436318  0.8291686525255  1.9819700002608398  0.078543043174032
-0.2617758427281677  -0.19919214229452764  1.9689755956613801  -0.03932057256088311
0.48368517717072157  -0.9208193042796092  1.4146430042003075  0.7016102658393335
-0.28640695783409864  -0.8492401337140707  1.8533937939254033  -0.206507684901536
-0.33800743309120473  -0.75145508987242  1.449478936192544  -0.35082447083624424
-0.39385661395993965  -0.07019538364939959  1.0471072615541919  -0.07277946948382835
0.9151141522265482  0.7787871515983779  1.3325977214529698  -1.3252496462426713
0.06662301717985364  0.9505140635527722  1.087466714292216  -0.1617242833422812
0.7970244974133746  -0.8739131884237098  1.1093746566140381  1.8449154663793295
-0.6361300042427396  0.640753744418406  1.9251360070125219  0.310207159432967
-0.43391561617943686  -0.9894339279858904  1.5139102488884486  -0.5385992633535621
-0.8013338815626644  -0.9839620434509947  1.8830589314596078  -0.6176008597593212
0.7136904892178441  0.6044830393734408  1.3716302762365622  -0.740794934126274
0.18113912289312406  -0.713442690344823  1.9502137509000281  0.10381666480643124
0.8510191611975809  -0.07381039126988487  1.804648260056571  0.06324413376563265
0.23265346172153611  -0.5467544838831394  1.7821954000727003  0.1230087184065833
0.9572289479434464  0.781500299868786  1.2265800219169525  -1.6495782381540416
0.09990668117101864  -0.7259026307036714  1.434416609500988  0.10680811689117123
-0.514192454774202  0.24118237143336785  1.3609084821261908  0.19105515108389637
0.5865514780956892  0.5536551721187115  1.2008914782268105  -0.717646335627096
-0.9800214875265887  0.21342890726247332  1.7298005201975806  0.1909918593670465
-0.8589573141308758  -0.8260494159654138  1.051258069038691  -1.7737485554901387
-0.1099223431493741  0.012782603155996664  1.0441372103806392  0.003824402313756556
0.023815195353384055  0.22335738164654806  1.145639573086949  -0.012187516416402719
0.5681417179028632  0.4524967610866033  1.126725667260831  -0.6441095931546126
-0.9308428173540897  -0.2985967616294488  1.1214854975082762  -0.606515252654176
-0.650786751528647  -0.09119953751001608  1.756126068268029  -0.054207518292308556
0.42348203402511675  0.6872654034793457  1.1646534461757803  -0.6721708391375016
-0.6268213978425407  0.38454021602985766  1.6057946730492156  0.2638903000443946
-0.4988113137976993  0.18813548538000935  1.9402898695178803  0.0712286815116367
-0.35623342140347614  -0.05429119178102737  1.1404713552558472  -0.043073949837820105
0.09557543207188912  0.9570794573567789  1.924769252108697  -0.07478748455287565
-0.5588625217940354  0.03083989852573954  1.4277226968610115  0.024023391483926595
-0.362706411801463  0.879054300543828  1.4709105179396145  0.4266251848668504
-0.8114394609604313  -0.03161310190931277  1.7266996597238888  -0.023874119446004954
0.5795463510447507  0.29320749076040564  1.4933801919564633  -0.24264531006472367
-0.04889232205093175  -0.5524568076959804  1.968522012041492  -0.0208094932555668
-0.4158780129110611  -0.3388756233198843  1.183718035308483  -0.28969108484729517
0.8719338628576457  0.38170202197369674  1.7739257642405737  -0.34759986478116134
-0.9006435515881205  0.8529397929076394  1.8745071028613483  0.6016809421206156
-0.22749053396919816  0.8235544396836026  1.03519114723025  0.5128220762908353
-0.48183138550658944  -0.7091188251158289  1.5552104671774343  -0.404314991604041
-0.27092250656554984  0.5301574441766935  1.78282375410129  0.1319911848063185
0.5285055771799586  0.8654879128941673  1.5990844917423104  -0.5665920880848101
0.2566013056648817  0.09741897819162493  1.665528207559918  -0.027746565153986685
0.8745366442666976  0.9365924902551771  1.7579586722846545  -0.8713200145427331
-0.7817631256249106  -0.5513155228667563  1.8878555724232826  -0.33648781227392355
0.8105883544480657  0.48040245816655935  1.2017679197012  -0.8802335465769872
-0.3512749554503506  0.2273662577810699  1.5073137137190085  0.10188102610598926
-0.7777663298079016  -0.17805679153496334  1.3703892400542248  -0.20526376606228117
-0.08979573222560977  0.7804110307744374  1.1161159521161383  0.167262793398742
-0.837611835450452  0.8665487762266976  1.230045178957102  1.3279488735911376
0.13266759883530266  0.6244509470537244  1.7871474373626313  -0.07886129931474739
0.42652341374144276  0.7824850003538588  1.5143942571685691  -0.4560291086343893
0.23574145640799915  -0.7284745366986257  1.8048162230873976  0.1619818483495546
-0.5390300925864092  0.10073351565888455  1.0261603906910186  0.14678345930522368
-0.9933593481168261  -0.6348694860940978  1.8255125748574044  -0.5164306501207697
0.11756817587468793  0.7576935320174145  1.6891090051158395  -0.0947819049756066
0.6071408372256266  -0.8388138478393402  1.306343938854822  0.9531547395380716
-0.3035993759301884  0.8782392629789891  1.8983364685374435  0.21542675127672434
0.8484347635444628  0.3021756240175548  1.0321801414552765  -0.7888469647668352
-0.2762470470193936  -0.7618982306047845  1.7108001576345993  -0.20993399208766425
-0.9748103298081775  -0.17178008727095317  1.4779988617856687  -0.20954098149676242
-0.5734385114021171  -0.10193833789211837  1.4550080985722413  -0.07834271061731012
-0.24440187992271178  -0.5429029877377265  1.3248547922577774  -0.221373106439046
0.16327223095374788  0.8257935483625055  1.5916589312064575  -0.16231340697437308
0.99805356775795  -0.9336204866550248  1.3529206319280749  1.696541217579092
0.6695473103414721  0.9623207738401015  1.8142542739013188  -0.6293951047939627
0.3029090721534964  0.6089168464279572  1.954003007361742  -0.14945126706590053
-0.3177960882923978  -0.20704103588842826  1.89439447777205  -0.05330874459233123
-0.9553718341090686  -0.8755712466412969  1.8193866641254628  -0.6920031042874419
-0.5725679196520687  0.2076860794666444  1.1203451939509042  0.268826117275289
-0.38735198940389237  0.3357925131499069  1.788093332184057  0.11749322873660954
0.5020695837032312  0.006591881307378311  1.084875457689877  -0.008881898231099817
-0.1966756948329591  -0.9809458445916981  1.097573556352188  -0.4711846162287494
0.5046450218479502  -0.9219118710940075  1.3002957669137443  0.8693630001005661
0.6978450054495049  0.08374563764649468  1.2160173322393195  -0.12746158691187306
-0.7381693574552634  -0.4350576971204553  1.6716679010866198  -0.3210656681629515
-0.9585082521966781  0.5308254164658707  1.2960388816695256  0.8292420558283459
-0.9365609330330381  -0.27662686834489514  1.2755438198654252  -0.43679746591626417
0.2236652778608127  0.466115030259475  1.9572493877125692  -0.08351116391056558
0.008723480711801623  -0.9073827282054854  1.4691705960854415  0.011011237598694193
-0.7355473883704687  -0.5930592009973928  1.3545948077416476  -0.6643347256501065
0.07889182327364153  0.40527959434313454  1.907348315656561  -0.0265758877181334
0.6121596008363431  0.9301264592114572  1.2353419269133137  -1.1923063537448044
0.33126088663441344  0.46535981410927896  1.1501494022833352  -0.3615779463526009
0.35966295589169195  -0.21463535903374442  1.2359083659019077  0.15727274655813164
-0.006751795989557663  0.7585085807772403  1.7992287762054215  0.004742803803904145
-0.5492375025551819  -0.005641045495638486  1.966642458994589  -0.0022780809293677664
-0.20975547536385275  -0.3800711872565672  1.3638242926861874  -0.1259410540805332
-0.30206209108718907  0.11408305709880029  1.315077909517937  0.058024512651062024
-0.31476184465398305  0.043383173273912945  1.7057442514590786  0.013650155983891622
-0.18895657057344328  0.5698198504654273  1.8436570435557957  0.09326760879012204
-0.9171302880849712  0.1701246733952103  1.0872643733512557  0.3626943470850996
0.48456418273023105  0.4684190485382833  1.5345991236955987  -0.30387049675745925
-0.602200711551127  0.12349911443384576  1.7041363317863292  0.07246389426435469
0.018339069524779927  -0.7891115272831726  1.4512746081527634  0.02065070736624839
0.6689331523145914  -0.6865946807933248  1.550697213277631  0.6140717180351706
0.06280433059082646  0.46825314759624315  1.0415476053436183  -0.08184072352159504
-0.14786558178500497  -0.06257625504190423  1.4738375925460312  -0.01259284780068839
0.29844145641902997  -0.4946976295729947  1.8441052760166916  0.13424783954919503
-0.5110903585827352  -0.36186638466873355  1.03144120655605  -0.49616995171161743
-0.2271724632918427  0.6750186701766347  1.7044700591123372  0.1548311693657885
0.849990284901978  -0.8311203164356239  1.9985729631216453  0.5798792174806382
0.8838313240376858  0.6235055407533319  1.334474713022359  -1.0183519784913235
-0.6635900722735242  0.1971205393494888  1.0465202700974352  0.3360116093124796
0.056552312525849135  -0.8558955585254768  1.1193890489486216  0.11654490579538337
-0.8786391984353247  -0.06387439342814072  1.7567588851869131  -0.05014870555240982
0.7900093142767887  -0.014126952785787128  1.5931560262906062  0.014322741303265883
-0.13714252216874234  0.5719860234860942  1.9906227084973895  0.058584852828670535
-0.8554334990789142  -0.8948451281956908  1.4574912091019785  -0.9958555016001146
0.5163156073444068  0.655200263144486  1.9981304434098304  -0.26803148033188157
-0.3519457914209255  0.2854547806315817  1.548709456644422  0.12138707934512342
-0.6713096435026159  -0.4999252186803119  1.0639169168782467  -0.8335200195592618
-0.20672620256808194  -0.5822775602365484  1.781482589020051  -0.1114800631393446
0.3470929766341686  -0.9101933883530248  1.018004699485091  0.9474211339805554
0.19678583012388873  -0.7455795474384347  1.9863393743688653  0.11379774864734239
0.4302917301083654  -0.5242071409349619  1.4133384846948034  0.3539941773348333
-0.1806173112003484  -0.5712240999026923  1.2632585459755052  -0.19051472446650772
-0.2953988255885607  -0.4312495641182792  1.435313604670065  -0.18018635932566957
-0.5399076290319582  0.2794614612094438  1.1934668990735506  0.30151233432618274
0.4365040639165537  -0.05186241377114298  1.7713147779830982  0.022633624283181518
-0.754063470726576  0.5544880677106554  1.0724502909474682  1.014131853762653
0.012650015150692528  -0.912965349559291  1.356517635216954  0.018852347563360083
0.5059034874792937  -0.9461221547623155  1.4767559673119202  0.6935296438735191
0.42227220223360284  -0.5568024830875803  1.5174946763095254  0.3198144400822539
0.5160250500817578  -0.7651000638141261  1.5735737510766066  0.504365851268482
-0.7632598645907235  0.5426684690470067  1.964736876168939  0.29907192773799657
0.27468459857019045  -0.5795755491958837  1.884119167241689  0.13833917753877034
0.6364193323862298  -0.748325415345243  1.011902525716964  1.490169937140065
-0.16030255592720488  -0.23150428491117148  1.8689205495571604  -0.031371292801034754
0.27110663763303533  -0.7595382891172167  1.5119135164205266  0.27777537020051246
0.8577936802396815  0.03244472896869843  1.0052691149688804  -0.09037172033503248
-0.15521477171373999  0.4975188098853889  1.2520372108177193  0.14552587681557128
-0.10084481544623636  -0.8292545550279209  1.6549953081973938  -0.09067998994130996
0.953374245730536  0.7121906661425492  1.9115460040286543  -0.6162044279623771
0.22114284184867927  -0.8271877611026311  1.2956703404086412  0.3342882441553409
0.41609800212409975  0.041610533322246734  1.391788504768634  -0.027978943608845654
-0.7836561572812106  -0.06260043793920134  1.8222170761883758  -0.04110152353597193
0.5907455136648292  0.8727656322758441  1.1305116226932315  -1.28621640670588
0.28777623467971236  -0.8870822424236143  1.9712850301764915  0.2029189183343563
0.017787642106134482  0.7451054849291768  1.426644776879253  -0.019570363471522995
-0.914937630918808  0.6821946066060153  1.2207669560847312  1.1511561490652973
0.7612493630753886  -0.9149701261153936  1.3607210179059102  1.2215287141123048
0.07789046374940856  -0.7075945866303437  1.1552958806761986  0.12485317164529244
-0.31183059279614045  0.4865876107412619  1.3975172786368164  0.2260220866802352
0.8768551343416656  0.6992552952508614  1.5398783683758808  -0.8502907613416282
0.29963291695469685  -0.1441921740197193  1.5148245241395133  0.058229041668616546
0.873227688929385  0.7984869637410393  1.6230278851520576  -0.8700563959103143
0.9483412814794004  0.5613533905426256  1.7946080353947034  -0.5478414317852854
0.06033479583873935  -0.09186814414236255  1.3035297070217151  0.009845559993601434
-0.6349504947985507  -0.47971737939948556  1.9349168868849627  -0.22950199800447446
-0.8290905705607492  0.4779914542362005  1.187579782954132  0.7784411496320264
-0.33262692445713427  -0.8425839236087886  1.4531002617185083  -0.3853806569755837
0.7085445984225571  -0.5157142530467798  1.5724140423493707  0.47717755414043556
0.10613128037865283  -0.2322420140381406  1.3291635392913659  0.04230410047901546
-0.89960920512935  -0.13260670843943234  1.4962157038690123  -0.14667000141092268
-0.8995892252078411  0.8275503685745222  1.1240507927070211  1.6217276928282711
-0.1352279299961704  0.6293620315331273  1.0602240296243295  0.22410904639928889
-0.25860784544404825  0.6942912752849089  1.8584979528257652  0.15201696443610926
0.29052467056293996  0.8695504270097061  1.766355682096226  -0.25017675944008805
-0.21923902756148206  0.11038764664764367  1.07671682798038  0.0612827206753805
-0.858813393350299  0.22336257233230328  1.021704293076274  0.5076888898671894
-0.6846584497391969  0.866815720172741  1.9840163009860878  0.4233220494026666
0.9086356786437616  -0.08362586193298416  1.7800433821500294  0.07913368909131095
-0.20935550477882692  -0.7692594358336977  1.5426499683155006  -0.19885904775755806
-0.27623300093247605  0.20273946806891252  1.45058808246284  0.07769855925969946
-0.18593560553221167  -0.48215248395963817  1.1554224715519714  -0.19778150616647505
0.4381877497840728  0.8362385822901934  1.2770583672660933  -0.7049364743421338
-0.15026619924227447  -0.13327733686926513  1.5472421269464385  -0.0247254877472849
-0.9896378548183806  0.6140658661338686  1.8374484224742316  0.4913588870524018
0.9087245351906958  -0.8517020071812378  1.6718523526667597  0.9137355479725793
-0.7418674187204327  -0.10152527799965072  1.7393790117285688  -0.06952700179884196
-0.7719205263660285  0.4033258330609383  1.6910103140264856  0.3032244591899922
0.7947094632562959  0.33117268073493067  1.980658425284605  -0.21863891889048667
0.6307946296727086  -0.966085319111288  1.07863359598887  1.6771583924480704
-0.25769657799293066  0.8730334258999046  1.4434916208759794  0.3157783819639384
0.41487404637534053  0.640983369076421  1.7407575881407849  -0.27466913845273455
0.6410215906073405  0.717634117896224  1.1180693636214643  -1.1795899118746436
0.563278127273291  0.7062108456070448  1.27701338674964  -0.7754726223339541
0.9430050336553016  -0.8441172191979761  1.5720799713771019  1.0668531144859874
-0.15449600475149494  -0.7110196406196654  1.4698500538067805  -0.15021581797501066
-0.5829158517687109  0.569527321266316  1.9526793850205069  0.2468166523944302
-0.8718298314376931  0.9855935534942406  1.1186127963599057  1.8949101488382472
-0.1027918947494888  -0.87619139756859  1.1229189439170042  -0.2121001066398854
-0.8216585699087424  0.8654878720762462  1.047200873709949  1.7977107327311193
-0.8536122676983244  0.9085655158104712  1.9824795082919568  0.5454393108719158
0.6183926349438963  0.13743386128728896  1.6323440996780367  -0.10199494099393576
-0.13216955795265095  -0.7512116137381301  1.330334745286074  -0.16610804573269097
0.0533608434047137  0.7912195653242147  1.4161539004531005  -0.06349560847372791
-0.7157830398058906  0.7435547279113276  1.9128274959011025  0.4072302905131256
-0.9782133820718258  -0.8843770360810718  1.1887522676186926  -1.6729306071602619
-0.8012165148671676  0.7682260493915024  1.3233832265850856  0.976149313443843
-0.8631864380704379  0.10756927107398573  1.5273110740991063  0.10992636172506895
0.6685766642546742  -0.7472262723389058  1.8291151009198015  0.48005902545989654
0.3963242517762041  -0.7845386348151211  1.8452201635481393  0.2852675463712317
-0.21544850669214555  0.5885700262471674  1.784937058451722  0.11688522914140367
-0.7341886929615095  0.49754469864273365  1.993449551288304  0.2569101872296619
0.9240863779328199  0.9058484838013822  1.2381569151932132  -1.8048771872683291
-0.8135252210737273  -0.13429505887514093  1.8352023266757498  -0.08999473664398454
0.9962497572384861  0.36025170802756756  1.447161635448341  -0.5710025014854875
0.9057427339025791  -0.8829977391582061  1.720025541428208  0.8917614151561615
0.8055152928747751  0.5906228254453352  1.048644528671368  -1.4116313225360684
-0.21397288141296789  -0.9265026646313149  1.665629192068827  -0.20988205823536452
-0.5429893059982682  0.5593033114601268  1.3613981625969287  0.4662575051242234
-0.35109883304176004  0.3133402157719809  1.331364051942511  0.17988157054590162
0.8647981851667467  0.17272115620918504  1.054172464851053  -0.4414078762409206
-0.5248021370889745  -0.6122227083085573  1.5688502825416513  -0.3720911522740368
0.4621801246194961  -0.1743493440406393  1.0142621411386683  0.24637877481469989
-0.9238175557031679  0.5272876260949535  1.7604847738405178  0.4316344114501133
0.06919783073886487  -0.2579223449276907  1.5067574950581624  0.023748252183395754
-0.3327768802419684  -0.09469374462207492  1.1189613572031232  -0.07307157405022041
0.37892137341908494  -0.8303695047391699  1.526803959240786  0.42087335315511715
-0.28896120650633506  0.46842325702749854  1.1996161378804402  0.27424777792571897
0.3644013980820312  0.8521579242653801  1.9244362974501628  -0.2610571526388198
0.9737862640475297  0.5962067080959337  1.667086789396392  -0.6943200775165562
0.38199716731586997  0.19861052614584562  1.3698676523394946  -0.12610768040162698
0.5488627036694717  -0.38791350261774504  1.718801290984176  0.2287623017344294
0.2859005214920003  0.2858784097481938  1.3634407718474932  -0.13578208073153678
-0.2980734922713165  0.7817026912614022  1.8761656758143483  0.19283588627714845
0.29638802143843557  -0.5718280451122493  1.2563228604962702  0.331979607327668
0.92348743735675  0.5514954751365039  1.251600830974351  -1.0745917485355125
0.060946110745357274  -0.5230030017667269  1.0036144567186331  0.09551961652701495
-0.8174047948780931  0.7973266233896908  1.0430160390467904  1.6614590668640232
-0.8255837356597024  -0.7975158335866457  1.1296341427994911  -1.4298640699237304
-0.451849451344309  -0.9828955978582289  1.3197491150649512  -0.7318911564267873
-0.8201270899596911  0.559317325272474  1.0451471963288361  1.1643228019371896
0.9999555138005316  -0.6878347762941662  1.0839283171908374  1.9513729623016143
0.360969554786031  0.8565064749515706  1.4582707985402172  -0.45249394119021097
0.44363837080529755  -0.12212821420548925  1.8227225870484431  0.051195599938953076
0.12062995239401608  -0.9755351826666192  1.5953697855193139  0.14040008462293693
-0.19451182478749673  -0.99366801506371  1.0297662423659917  -0.5363704433304719
0.9166901279146045  -0.25030407379118225  1.366749266135467  0.4056858855000523
-0.32915892573225347  -0.7546613500607867  1.4535296262674544  -0.3414807789029032
-0.9724938949541393  -0.3518419537634797  1.4362638843645044  -0.45350484796493423
0.037655966005502806  -0.19666612037319664  1.6275290327286536  0.008419098181719308
-0.21577862301084327  -0.017736151567596337  1.4866397537215847  -0.005085177379921208
0.630880078477858  -0.07622664748768337  1.8186333685516465  0.04655708487403505
-0.9546836856289367  0.17358888526752747  1.3065069971120618  0.2658761296894522
0.22592358254524558  0.0828137045437406  1.1775561675810233  -0.04141389140520448
0.4269711373324764  0.6399884326643892  1.794657152250241  -0.26587624774507845
-0.011336370358346781  0.2980887960718498  1.1377706975556166  0.007822388668802483
0.8095611816425617  0.06190899642815695  1.606285976105223  -0.06340780372194885
0.2194919463331224  0.021071187579708717  1.0490320511955926  -0.012891098525585025
-0.43150929583981723  -0.31281291367317776  1.1199957279644472  -0.3094683237344904
0.739819038640504  -0.768879353812425  1.4785314987003975  0.8429936849313233
-0.11234309869504344  0.6483768662439879  1.2387767872328235  0.14081770129473697
-0.7847784460490619  0.6192591494154918  1.411174535179749  0.6788409985372835
0.7853672293280541  0.06567585251037589  1.4493562005036726  -0.07994134513348283
0.46424018183701754  0.19163870601171673  1.8409146615828655  -0.08258945404022625
-0.22639121088959557  -0.1794362054819666  1.6391023988892761  -0.0443564028707717
-0.2803985204022842  0.21112788210953215  1.593467950637837  0.06803712399049329
0.7347208706332252  0.9898392454441441  1.635652645190417  -0.8801721688897672
0.874748084234816  -0.14849919041502346  1.0486780214256255  0.38832839348299586
-0.7756887757862908  -0.9841707346465615  1.909744571850613  -0.582751768961257
0.24425293355631528  0.15315861922003948  1.1455280447537584  -0.08766586078560588
0.7411115453986119  -0.40084581709560996  1.6251757646283296  0.3644371679610469
0.702117523215021  -0.8104809725528068  1.327151858260611  1.0424340743935718
-0.29261468746101205  0.2680953080670222  1.3807994054122827  0.11992775165251285
0.14908451821103252  0.9653062007899448  1.105662068041594  -0.3585068704098184
-0.9776379018104373  -0.10560385877919354  1.8580284853965525  -0.08172697707411164
-0.506634163889146  -0.40616206868902816  1.6512864160149607  -0.21547984883331933
-0.5321346773869234  -0.3059957126868672  1.8441306312816232  -0.13638241942091542
0.15966476138338825  -0.9368079854029615  1.2069147217898317  0.3130529865212432
-0.16864316754279052  -0.07024505491425859  1.0679381198448725  -0.030644361474937275
0.8821371289846127  0.7505221686627196  1.4330558298055385  -1.0607220687665184
0.18278688289892597  -0.9984475898754949  1.1723886622589137  0.40575148293206253
0.34684091008204065  -0.936346830950872  1.7503665762092633  0.3294282427315408
0.9627476031184585  -0.6921552439359946  1.3100896349245437  1.2888393328807302
0.02507936712971759  0.8940496768639958  1.8839423237291668  -0.019000053493475666
0.35034683891483154  -0.9294958107070163  1.0270275509953408  0.9598226689417888
0.09199456923979366  -0.8152708073762516  1.657678441682897  0.0826415628735948
-0.7527088538959975  -0.5680539303842789  1.6794119573459283  -0.42296602083675094
-0.09991111248135343  -0.7422400440063515  1.4360763381196113  -0.10680874834336564
-0.2418144055691489  0.5170777936541996  1.8838658331481155  0.10320065897063747
-0.35003341007936484  0.973236086899506  1.7783517219072462  0.31222802816972084
0.48547576243971635  -0.11972539971898888  1.8467900650310414  0.053734469665458036
0.46978613229893085  0.31690246555803525  1.9347090831297407  -0.12520252210174254
-0.9353736933732536  0.5831256023632297  1.6604015386262287  0.5427609987732709
0.02985718793225456  -0.3675534616041992  1.8719011029162873  0.009423744312487218
-0.5419336271822826  -0.6899812799047738  1.2369635060308886  -0.6954575260686033
0.6555367705423663  0.18323153858931718  1.9250467109075347  -0.10405947652997652
-0.986234065844938  0.6868828408577532  1.8160058582884533  0.5609195586518623
0.9983104219129096  -0.4906830902343702  1.8111129151606868  0.49770598587378784
-0.20822258078177347  -0.7536596153929666  1.3994111499315676  -0.2354959992396945
0.836058349175077  -0.45038905196692525  1.2480756494402994  0.7913735538831598
0.8887687674831535  -0.8628249387903212  1.9142833808659716  0.6890380449182157
0.11695387924221234  -0.6147360776286751  1.4597886419583392  0.1024126974964298
0.609142136127491  -0.701943708372366  1.8823118917388495  0.3855260629097852
0.8096894883342888  -0.6683803148049235  1.332861341208301  0.9944049509515559
0.09212504969810975  0.9836715904197628  1.2863015969014537  -0.16583759246724347
0.2805573864676827  0.907505743710073  1.3668497970516058  -0.42063886721499055
0.22903964220067274  -0.25300919350073914  1.7097088034830965  0.06086766846050908
0.5988692077456094  -0.8902985896070864  1.0269030746583063  1.6134292287565797
0.3494876667844551  0.8293329293378572  1.6140559699271377  -0.34585532580760875
0.6420369069997107  0.8614651397037147  1.888407175556626  -0.4972174299497101
-0.306711447105084  -0.9179853952819491  1.383294528388329  -0.4282896466086974
-0.29929843213073704  -0.14655021510358912  1.5414801820216875  -0.05376858692814778
-0.6704357071007381  -0.08423191194143709  1.965451356306726  -0.04110061278719313
-0.08062920476782065  0.8453317093625822  1.6003734767068163  0.07919731547125776
0.4582292698383972  -0.1084427547909863  1.1827739170411007  0.11167916761966255
0.35002719965437024  -0.5864618942957527  1.1055257288589844  0.5221545287879986
-0.0413398980127867  0.9082970433569397  1.0552439024829336  0.10074446276131364
0.498417414671703  0.487214212481037  1.8964254853306102  -0.21319003355363955
0.855237253214648  0.410095223221693  1.4225491736227207  -0.5685721164130881
-0.13233570826542762  -0.5827109221184404  1.2194157701336887  -0.15354591760918612
0.38050602694737556  0.4310212798164976  1.2808024440133206  -0.3117920121807556
0.7148915794456253  -0.02902041161504143  1.4795982361954412  0.03061895857706064
0.16614731836395902  -0.26713288777472777  1.2375124423800206  0.08841360592909941
0.69297150375453  -0.16530802974781345  1.9791635660678368  0.09426623500719464
-0.9027773473823704  0.5033342790266115  1.3872120584221648  0.649733953778865
-0.5700480951476044  0.7537190144948412  1.0505200334864564  1.1049855124970434
-0.2537938376895217  -0.8225767190941162  1.4170185849311492  -0.3041886934639257
0.4312508623052914  -0.2544018186840451  1.80185980708627  0.10594349069613238
-0.18256723156088805  0.30863714324004254  1.4531562438593593  0.07861589524174285
0.3436027324587553  -0.08021262625124703  1.8712741100892538  0.024452916056937047
0.31549109758285654  -0.9422738213694006  1.7836513927855988  0.2894595828853811
0.7897281399358971  0.2949622701325457  1.0248016821988541  -0.7224590344277971
-0.72480037286364  0.9821998588180567  1.2571789826990358  1.259958060172457
0.7512118143046498  0.9449929775125503  1.0410989406216338  -2.124434779972355
0.7500699650980758  -0.5136278965445854  1.6221843119861357  0.474824141468377
0.3445813147133393  0.06144067475930026  1.2736047643401918  -0.04055351418986047
-0.779999659349387  -0.21722337547778547  1.9833413491473717  -0.11986945924009085
-0.5881667668089072  -0.6454136834273888  1.2586161541179246  -0.6789730387122355
0.5413532167340919  -0.9548870545123487  1.7041768007342326  0.5645412447436584
0.20455787678919457  0.5967917480889339  1.1986934162807574  -0.2602076068775056
0.47276268088571394  0.9462203156292129  1.6559514486256908  -0.5136822124445015
-0.5568473834632337  0.4063296868631995  1.5650009579808515  0.26252612782878854
0.35866114899378154  0.49678640797266926  1.524935672926454  -0.23841572723446156
-0.2962705846938697  0.47778303203156736  1.1649174288175916  0.3039276963162462
-0.052130212215159344  0.5779688412764868  1.6549612000411047  0.03283079770697387
0.936289660618552  0.5500167040481407  1.0634872790589733  -1.5070815211838642
-0.89232282817265  0.20557056904863702  1.4721103895555228  0.23313256196892626
0.9388272996277047  -0.8573054580514357  1.7456431903142957  0.8744745770051809
-0.2178566831597819  -0.9431469432780273  1.156786510174862  -0.4508221705668379
0.5305438732827941  -0.29869833335955853  1.892825842779211  0.14012931790245062
-0.16580014910364105  -0.9048970275524794  1.778980264062068  -0.13990122117544063
0.0922251890624225  0.024438890861328666  1.4205203103584843  -0.0033820597706484806
0.02835055863482039  0.05585481047509222  1.3697222440811803  -0.002539284948920596
0.7670696754091234  0.9196718604248031  1.7957902184253474  -0.7107849207661979
0.6959155591455337  0.12384828410351878  1.280530408897306  -0.16947840164173744
-0.8016343448038422  0.5443140367658037  1.7052254656428185  0.4167676617489487
0.8540599601611509  0.033585827186459416  1.9887872502771722  -0.023788149623829812
-0.9072345375485461  0.13493857937626486  1.4685522956139991  0.15612896421553918
0.4088065862943663  -0.949257119506587  1.186702236994042  0.8619197473067282
0.6536414941383639  0.39235269700432773  1.051837059868065  -0.7440431771174506
0.20433740626449248  0.03480680221198007  1.3817486275011102  -0.011408836468851291
-0.07805274225412961  0.4604082072014507  1.5027254390352067  0.047371438571483154
-0.16161320057732087  0.1927757433229158  1.3147438905782498  0.05321149856176009
-0.5107194758730593  -0.8812563708264289  1.250095914321589  -0.8220284097019526
0.026324579120073133  -0.8711609281323662  1.6362384358229152  0.025765149635842467
0.2376218362571738  -0.41416084304018697  1.1390997866246118  0.2330759539932084
-0.568537133525112  0.5965966138707465  1.4813744914606457  0.4387491343122773
0.39663395139488977  0.594152822988536  1.7326584827906546  -0.24522225673924003
0.25115619145142676  0.030407744250026347  1.7472904569305898  -0.007697789396645218
-0.24628468960697092  0.338914289533627  1.2405710324134054  0.15879574419411105
0.5847946278378536  0.8964585069277247  1.0455154989758157  -1.5281432719179242
0.16819362127812865  0.9835988628967495  1.141551131214002  -0.38736889004345043
0.9457903028410334  0.20656617413104883  1.90528836830924  -0.1783213472501084
0.9313644699895941  0.9207585744586498  1.861490466674935  -0.8186968364450711
0.963117387092985  0.4365488965026558  1.9136312488705385  -0.381152017856002
0.5276957638963321  0.7736772195857419  1.7483850508180052  -0.422994640414432
0.41802905992161676  0.0753283074863682  1.0562308717577753  -0.08837173353678246
-0.405391167049579  0.3543833816015439  1.5416406286994528  0.17427864660959363
-0.2648389255504795  -0.6881393815263419  1.6722601952817637  -0.1904669560334429
-0.005614443986978301  -0.8112137284413571  1.8374932013670024  -0.004044529936857005
-0.017802997616363503  -0.9756630854776611  1.649383207897798  -0.019120473262925795
-0.9260580416387718  0.50443840128187  1.9852674082612902  0.32543635995030723
0.5812366454121352  0.462268353261023  1.896107043075546  -0.2380393835233677
-0.7745233919058172  0.5521809330662052  1.9590024741160674  0.31029098809359107
0.17954888090559273  0.36263069667154857  1.7617990486938497  -0.06408027119199143
0.2707167189797268  -0.343330314950966  1.099076049014281  0.23725323788824204
0.5006823180733216  0.8265106243550923  1.0951052697526151  -1.0897523143974
0.5429418615914492  -0.9406424601051483  1.0379551876235498  1.503785505609685
-0.4585193734114099  -0.38177992526516447  1.5948599629662215  -0.19741344024768204
-0.9390403692394079  -0.4076748292839416  1.457825409673171  -0.49400251429252034
0.14328713921690928  0.7368514146924222  1.210148481585211  -0.2194314953571067
0.3217359670449005  0.04013215622559174  1.685946348736647  -0.014080834577262395
0.9281202956318139  0.6821023758031117  1.674894833297004  -0.7462815728427203
0.49455412325344594  -0.008785399566450969  1.142130477190277  0.010512177017905872
-0.2771097659532923  0.17790766467288766  1.0447282832844165  0.13185300910396566
0.5559043053437622  -0.4111508986233787  1.7033440392889436  0.2502403892347591
0.3258795210493137  0.6323689525630897  1.9581044303690782  -0.16667316081451905
-0.009052715790193178  -0.4569952336976908  1.5503108082755557  -0.005159187182562244
-0.6286285902525824  0.16821693800975646  1.5285050298424587  0.12775388959222475
-0.9710211798504172  0.8935028143464356  1.6830122254312117  0.8375761212956767
0.7624088644470151  -0.43477576334917223  1.4394315314032706  0.5195576674118976
-0.8834953817451756  -0.615272240707934  1.224598591145424  -0.9991643994644913
0.505062867238227  -0.3320403076164461  1.2488773441571466  0.3397236912763275
0.4963067931002585  0.14848203994738596  1.830556860148978  -0.06942030939939672
-0.6407282827150814  -0.2401776737142456  1.7956802710410904  -0.1345545561531538
0.28478829509157466  -0.6845018791418025  1.951746141559249  0.1580225651653064
0.7572594709807943  0.8651023182143959  1.2579050451026963  -1.3438072042379225
-0.7952384344386965  -0.04346007841186317  1.601467300797794  -0.03744904368098577
-0.6725799914957586  0.2607901298978679  1.0551028904974586  0.44289145845529143
-0.0599354852926588  0.24097546850538765  1.3990502320181384  0.02200474311174229
0.9292449910020806  -0.6289177918790445  1.7644793895601794  0.6208243570783138
-0.2598122375939744  -0.7202127716006815  1.522127193118938  -0.2361567557213667
-0.5238668683529426  -0.04909048267011906  1.278835707323934  -0.04482647988096117
0.26735911832405146  0.19603699444818024  1.3290363625983617  -0.09146393139628095
0.16417640115675092  0.7968315898289013  1.9554232901839437  -0.10435331041947114
0.8060109170787598  -0.978365037701823  1.609520129132314  0.9932676586652146
0.6731086092621617  0.5657522325771197  1.7639808412245337  -0.39364798177301763
-0.39976034743979316  -0.5285045649443556  1.9995230455152604  -0.1524381087696272
-0.06630502119824155  -0.9446240763010684  1.8542435459446633  -0.05429040050860026
0.44572702775271156  0.4266209287204965  1.1335571033592124  -0.46467352620945507
0.5248158362330577  0.3947971744179727  1.3337936019663226  -0.36875447745682377
0.9637127415556247  0.3523969771262714  1.7005125603200888  -0.38989827473495786
0.2547027185291927  0.7295118142348542  1.8225462057843753  -0.17220072586546775
0.4043377821665869  0.7069846931215579  1.0763043696507513  -0.771490231948365
-0.6839407729148262  0.4807515090586748  1.8673498577113405  0.26477534834271677
0.32824991768574174  -0.12566021501902558  1.5053313217903008  0.05646176067600391
-0.7868810628789985  0.3335992573487536  1.0366649025380936  0.6793330484950056
0.5033223715393886  0.9809688851512237  1.533991709685952  -0.6628343405495115
0.5680707683051874  0.060444118923358325  1.339231829861772  -0.06089276418678024
0.658029792638901  0.5800023572693451  1.220669555949765  -0.8225491652750403
-0.9790674881568342  0.6613138427193489  1.0308412684924242  1.664916469423939
-0.6337573647945902  0.7818235257443059  1.480533019607556  0.6377200427864306
-0.21078866084800452  0.04118644744724398  1.2891845292507464  0.015347349210565246
-0.30622806981918593  -0.2576094486420243  1.2086464757549837  -0.1571917362127585
-0.40478518342241265  0.8750837682408663  1.188335839122169  0.7232425715310287
0.40922249018540047  0.2831097943733588  1.7653922068828751  -0.11627849885429012
-0.1926319150775775  0.9374247808067265  1.8223595609127299  0.16004107015691052
0.2581337408289288  0.37742955838655445  1.2237535868066844  -0.2003419147914609
-0.014516278164919627  0.22949377257641057  1.8831364226131773  0.0028141931276498095
-0.505593018289153  0.01148113719409194  1.9539793342412446  0.004341569170268404
-0.12534018351409149  0.6195581858367071  1.9526763733814643  0.060342529876510995
0.08849008978151318  -0.12187539659057434  1.6585059098534431  0.011867467909598405
0.3866105333540478  0.3213813138537792  1.827470428673727  -0.11610162692242537
-0.7703909809304165  -0.040322941503544096  1.6353635891583858  -0.032353743120902195
-0.010588954374156856  0.5514654988377214  1.3449961341174652  0.009673663525899257
0.4239442420676822  0.33421061557918896  1.623856337054952  -0.1683326502633683
-0.09323494408386024  -0.8118115812476674  1.0641162631135084  -0.1986765766388088
-0.9158128658899825  0.74094186617331  1.1199405189941174  1.4868464942762039
0.09616428715854242  -0.8973877566685214  1.286216237046471  0.15800972174889497
0.08653957470465812  0.04754864978451179  1.1039063494026309  -0.010218436734697044
-0.04504204606468376  -0.39559697609785394  1.9575486163855857  -0.013887224489013823
0.49724643068876384  0.23928425409409038  1.0287935718395294  -0.35489599567766206
0.5605422206646896  -0.8641630540036497  1.0210586106549737  1.4766476775065949
0.9350049793738866  -0.2283072536234022  1.0191715489365933  0.6801312588314844
-0.46436771234069163  -0.29500268215383185  1.4842406821381924  -0.1782738240182485
0.9230343869412971  -0.8287027212987641  1.1368407004108487  1.956131213781964
0.47109332591566344  0.9114128434097938  1.4252384872266295  -0.6654649619023545
-0.9176652620935852  -0.6101256949985157  1.4086378337347458  -0.7753474985701869
-0.8291521429678488  0.8365066599624257  1.0999862395594766  1.5880198446582423
0.4414389330319536  -0.7230784255169996  1.973458660776632  0.25723419834974
0.981641571672719  -0.01013003709325866  1.3568641868754039  0.017967389422578382
-0.004117711263714852  -0.5186656418400114  1.0980704964429355  -0.005311600292007648
0.7284105442749976  -0.7329592969832538  1.4708928128616376  0.7984745747887436
0.407205268329635  0.699646212553703  1.1071293431192777  -0.7268942880408784
-0.6618637751408851  0.9592209191715648  1.9263333451830191  0.4814071033630804
-0.472389772162485  0.14338134924882584  1.16051466931208  0.14406793684936442
0.07496235282565622  -0.5382140243496538  1.394737135402478  0.06269062254303742
0.6428183003348524  0.3771586316056421  1.744753814396073  -0.2553407693309953
0.18402422660420403  0.8799045371017322  1.3556539051485381  -0.269277878000177
0.4941132762776914  0.7992578334328806  1.1946526369078703  -0.8732905334612686
-0.5322615257354556  0.3672771720222642  1.3106619905780668  0.3241434278655799
-0.3784919258260365  -0.10256368391203752  1.2616312244173717  -0.07049728245376216
0.3317965029757777  0.39947446342141346  1.0600334539458678  -0.36601354305674205
-0.08232098346034822  0.33968091182595606  1.9476597590180926  0.02193391950101137
0.32955241334781094  0.38225146277530964  1.8977337662975837  -0.10851199837588153
-0.08012539250706108  -0.6781604955047819  1.5447018639418872  -0.06777486113302514
-0.44143270544878244  -0.7087800198370101  1.0777436572133259  -0.7739380213038785
-0.2447912888910755  -0.031016228528229384  1.0914274170052072  -0.018664371407806517
-0.8632089879571665  0.7328246450522794  1.3966683487279377  0.8955556074340828
0.45590668648313515  0.45123618392769205  1.5795043052330515  -0.25919393164815485
-0.9372977612627065  0.6318846868266764  1.9986810108318485  0.406667678812414
0.6204376597165414  -0.8801385911352327  1.0244981444085244  1.6640468256265881
0.6119979500567847  0.6097809725829584  1.4540722743036867  -0.5640270438345864
0.06993812156680002  -0.6094760206317862  1.5403990399860925  0.05427169784111434
-0.5817943452575928  0.08171204469320681  1.097709148948999  0.11185179136711841
-0.9670593419382878  0.6180675677852763  1.4167839286133423  0.8145409028105
0.9301389781160554  0.8209896425524491  1.4848351795453736  -1.145643901448704
-0.28520498459084653  0.8779783203830857  1.7539618995534871  0.23741540562176905
0.42396229906990157  -0.7920901681875459  1.4657818452002802  0.489664469178209
0.6158402045042406  0.28602839470324315  1.8401165551059773  -0.16630770932906516
-0.22441809935835277  -0.8315515448048317  1.7758485956212895  -0.17362722994577307
-0.7084026966620985  -0.19749424355726186  1.2970526440885648  -0.23297858357400805
-0.2015432322769456  -0.01445781563110704  1.550010426329992  -0.0035666216616327983
-0.41130326456413435  0.64467231152282  1.2349040855556384  0.5010151715750735
-0.8702433142517282  -0.5232612933578529  1.8130151778354926  -0.3823300341181777
-0.9155839125184757  0.3785520985367925  1.663915116012108  0.34406124704166335
0.12805982699906715  0.9465964982202131  1.6632523485469006  -0.13316198290983772
-0.7149981542017645  0.4328536744335717  1.1516447648688708  0.6533382845672977
0.9764140739529406  -0.023269010173398885  1.603551539328645  0.02937569772070321
2.8210838084119505E-4  0.17241455767594827  1.8907674446543665  -4.081757461930615E-5
-0.5794663909202263  -0.021104908857710436  1.7044629816624925  -0.01193696931547462
-0.767019645713166  0.8392758590781053  1.6757763221535549  0.6387116955224826
-0.7695091500510736  0.8278021929974453  1.0868770328425321  1.5021208791339513
-0.4047131734731291  -0.6773563753288917  1.7616920258840014  -0.2546805205308606
-0.18418584065553079  0.822933073379001  1.5429658830149084  0.1875439461027627
-0.07152547211418059  0.4184816123274604  1.6953150642304577  0.031021462628205813
-0.9361802535938106  -0.10403483185589624  1.0799194536740546  -0.2290926267230749
-0.5698525585154987  -0.5075390496941813  1.2362366347036626  -0.5371320555282236
-0.2158548672916436  -0.3281454042127986  1.2629610175130934  -0.13040517333375104
-0.5007417027833482  0.08207788802566884  1.7029652387317582  0.040488309799270435
0.7352717088670917  -0.4916677589925931  1.5864585388717225  0.46510467062630406
0.17162990416212087  0.6917985342032844  1.0369897323436135  -0.337026024664856
-0.9898584710373151  0.3601836485677151  1.7390047765876226  0.32182864925892046
0.4965148742556156  0.7267489505114769  1.637856595462547  -0.42462277499356255
-0.07156885148160363  0.9455100113838255  1.715166257569154  0.06851755541864321
0.09817936473752131  0.8409500605750774  1.4144940870643283  -0.12502427672972283
0.1727413172762059  0.6452516956992737  1.8188595074477703  -0.10285275736615272
0.08928980231292694  -0.5225259923010307  1.3667940385500597  0.07559970242856058
0.009111283828590722  0.16132868898866415  1.8972924586578053  -0.0012261391301991583
0.8670284069386804  0.7247546164025164  1.4672155642674354  -0.958838832063938
0.5278422286620986  -0.6150464715541882  1.727024002051229  0.3447368015623124
0.45146252532612297  0.8779450794244749  1.28087989863472  -0.7590259659717891
-0.39438935932165287  -0.9094601736665873  1.5724836319322748  -0.41865750547688546
0.8813035008326369  -0.033479290616009294  1.0358836329436736  0.0904624391787609
-0.6410054447146983  0.15291014111001644  1.1704212344886797  0.2017215107238638
0.355378226416729  -0.6231398467028627  1.140595874205409  0.5294790731171537
-0.35837547051123797  -0.16415292474760856  1.0200112281867675  -0.1637595369786193
-0.7804763860785205  -0.7640239546008392  1.1143738004035817  -1.3362516641079067
0.5969801825285814  -0.8085806004876701  1.0271329385646082  1.4597679426632109
-0.2158143279329604  0.007578869962315937  1.7409088243056225  0.001584823637694546
0.4712242013131954  -0.26133846694783325  1.5527251112738063  0.16081476446133094
0.15387001137938794  -0.3668746975524271  1.9234020323341618  0.04649297052261028
0.41012805776243544  0.617069012452526  1.4297349472181005  -0.3873027675910767
-0.3626088287391058  0.6960722630830125  1.1876900911620174  0.5180105278042748
0.23460848153424807  0.44350334994082796  1.86233716164678  -0.09216278485054483
0.05408831798463931  -0.5176847458967254  1.2786538417171418  0.05165823041236776
0.25231543328063843  -0.5487943539929067  1.5167016332996823  0.1852562757661189
-0.8111650318314214  0.06483549009250789  1.5777155713990476  0.05862911690621126
-0.41404168833819244  -0.05756217223035387  1.9071786392046435  -0.0188755858756783
-0.07272955837969919  -0.1360712614934354  1.6515717123868376  -0.010805791187229527
-0.16637560304062127  -0.7909566761560922  1.1185110454050158  -0.31039655192270577
-0.07688327049730947  0.748813224136987  1.656739985641745  0.062444137803190226
0.4371681593759039  -0.3601074385057599  1.3673640440492327  0.2641478256672608
0.22218801935449362  0.06425676649276246  1.3688764985035338  -0.0233770950660101
0.005283816551548859  0.5142324728888165  1.169497418096888  -0.005962926867744234
-0.5141413489821702  0.5721292564611021  1.593615029775337  0.3304892203489305
-0.7138876951682996  0.35413945686240844  1.3573338125473877  0.3842421842172264
-0.5050444653836796  -0.639472141254663  1.7259995324254054  -0.309594514798214
0.7951958339203845  0.514226665928439  1.6921608084237856  -0.4654275928541506
-0.25126499447257156  0.7054433122583339  1.3531481464892077  0.28330041411286916
-0.2703124548158099  -0.33235520816534136  1.7820363902162464  -0.08263670783216558
0.8464908717435636  0.24657746391846336  1.3999543473316394  -0.3490451030306993
0.5847581668654633  0.1337179802585149  1.7875584103579207  -0.07797141144563673
0.040000576871704996  -0.13715914148361474  1.276375057768747  0.01014369859727801
-0.5309370551001519  0.8343024871862782  1.4505499381471347  0.5997295430179359
0.015430211143644734  -0.8211462884432553  1.438777763493385  0.018390641000078593
-0.11360649490006258  -0.169585346278591  1.1835657497037633  -0.04079640628644267
-0.241322173037254  0.31984265662243017  1.3841455139559984  0.11801449128976468
-0.43203618846274683  0.5381815096092659  1.8197328611725834  0.20192300130594926
-0.2663375653937703  -0.18829757696985772  1.2775224593305063  -0.08979368273378761
0.30972629414023267  0.047404968741304954  1.5422101330999716  -0.019111732001285252
0.7289756402214184  -0.15887277037547753  1.6083986581344605  0.14486671527949754
-0.3041860873869259  -0.20280311887511304  1.0305311792155711  -0.16912167284601753
0.6966640140110464  -0.06884879799136523  1.6848837422729626  0.054483175222153596
0.7083575517559306  0.4070590605408988  1.9079430136217534  -0.2557454532720691
0.7079827210201204  0.34726170420440816  1.6252307093062237  -0.30051126519164817
-0.12293969141267436  -0.15118916239839042  1.7208599154726594  -0.01860100235822953
-0.733510200740375  0.5619028395963644  1.2798958944656476  0.7032302987108736
-0.37438321923559914  0.3842989201715723  1.3906314034139942  0.21513964218738404
0.3173980460812996  0.41874552116320274  1.2148343175974552  -0.27902909883353727
0.7940676467571128  -0.9445273575071107  1.951515190976703  0.6417733014560681
0.7384914963641991  0.9217702626586496  1.2747341115964785  -1.356964548931002
0.8056489462844983  -0.2960564986698805  1.420213316119784  0.3858455131354462
-0.4149329745765453  -0.7906600645565961  1.105615567022069  -0.7730796448965972
-0.1134104330683956  -0.8336689755417834  1.465361791619805  -0.1306112374097359
-0.45116234969550173  0.48716759853384406  1.3975100323507257  0.323041291268892
-0.5964194108089389  0.14140031704862832  1.6843757168006326  0.08415624018398016
-0.125629848698261  -0.49878071859395967  1.073270913031155  -0.16116954561106664
-0.9212695962984048  0.295085113476904  1.4150812765787801  0.37292319539158514
0.8790626157950729  -0.6919214176507288  1.5280503979618154  0.8568070055149714
-0.34818448727295714  0.31538278376004214  1.1662775019222802  0.23404571608990496
0.5775908660953877  0.28821969679730175  1.6603333564563667  -0.19227051269622986
-0.7573987925811724  0.4591730520490672  1.6410534728031894  0.36013847524457476
0.28639381826436594  -0.18894695306839848  1.4400000373831088  0.08059707644326289
-0.42928594990216906  0.19962820311650342  1.5362546715071275  0.10445009009277421
-0.7448360520999078  -0.21763727421442636  1.257673263193562  -0.28614079021776584
0.015038279262142296  0.5210311532205517  1.558484515194794  -0.009692408369789777
0.13352851544471522  -0.2530592311154043  1.184191502996501  0.07326755741902029
0.7053437000537068  -0.8413614372434279  1.519608092975239  0.8294842011743566
-0.47068517395760656  -0.9584386066799302  1.4466658556788836  -0.6175960479366247
0.1910693725184498  0.28729752716625123  1.7216825289438762  -0.056639108918277614
0.17600204786847473  -0.7932134627966502  1.071075819321722  0.37162109584368286
0.2892180292458806  0.7616796686045691  1.7619891760510917  -0.21920896152680358
0.5546285244319936  0.5262910839115812  1.4392146768947345  -0.4475888584783751
-0.33424794322029205  0.8573736143918134  1.1734219752325101  0.6041889813829324
-0.4443299363231883  0.5010608384223041  1.9141100157439825  0.17454319269098
0.6922522835324489  0.04422053545454985  1.1445619829378844  -0.07531585528658719
-0.2514720571579535  -0.2692114190518108  1.1725454439883352  -0.14409830329936815
-0.2046090782732043  0.06333108744364435  1.7586262116039402  0.012317416956752062
0.49494081497549647  -0.8902447262932661  1.181348615732333  0.9964900223624539
-0.49779804898043645  0.24698174604463974  1.4630351852201442  0.16414646941344463
0.6536127402316713  0.554636259514814  1.1166628521947861  -0.9331728882943822
0.9745177442844638  -0.7000265308584913  1.684137203806087  0.7994662779009053
0.14770908987274367  0.23965136422904032  1.9690882132895275  -0.027799744889874762
-0.823533049199839  0.3528992547683485  1.8778206299976596  0.22844190280820026
0.20561982030546966  0.7473029414176606  1.1345885472001924  -0.3656193508752604
0.5254731308510753  0.7654253532888207  1.740130091630892  -0.42058487041618187
-0.9070176970234879  0.7438681522229412  1.2592654158576617  1.1702870806511148
0.3908394252074542  0.9288916698636888  1.5669899238001377  -0.4616010950426921
-0.03486865564277741  -0.7504327069176983  1.7989749336138934  -0.02417164992386558
-0.5246571730602273  0.9008622955722634  1.7637696194803003  0.4330754910303078
-0.40097570066534705  -0.49539206749245157  1.7514100829045034  -0.18678353256947214
0.9775180729725712  -0.8984311403525772  1.569363925190772  1.185652702338031
0.8727935734995405  -0.5946211509722861  1.4134168182491322  0.8538759184577677
0.5013503930129867  0.9719435541096122  1.1219944735303007  -1.2225323369446994
-0.4673616869454933  -0.2756690246419278  1.670307672712419  -0.13235249981235467
-0.3943725444347651  -0.8493020676242186  1.8919848739343836  -0.2700576662428378
0.088396831589588  -0.3020059857577726  1.6127586258458662  0.031066394416006032
-0.08572146299101502  -0.26302057423601277  1.2178544704482124  -0.04521710894920329
-0.9650587226125023  -0.5158350545936919  1.3421256132061055  -0.7561162231670558
0.8967036438012457  -0.5960601988827153  1.5743839171358012  0.7106247708653008
0.7589707996524572  0.5276956090587391  1.8239220370389062  -0.3908381228222039
-0.42112906465070954  -0.07164376496461577  1.2836147348778382  -0.05271457490456549
-0.9961919101921441  0.2030682808838764  1.0046103664984738  0.5468506545016424
-0.11851392817420636  -0.7958071627712889  1.5514719547531928  -0.11616997580607138
0.7625612365751516  -0.2861059407609319  1.0572551337038656  0.6338867555022414
-0.5159580835351898  -0.5841297244819528  1.0138801118131626  -0.8364171476941179
0.9868751612848055  -0.9547505710526425  1.2710636949618586  1.941169168867445
-0.20022901556237305  0.776246127909058  1.8375448609352245  0.13538230060032103
0.5925191584791153  -0.406767832274078  1.4681310599244122  0.35658843764281933
-0.9621442987364262  -0.7893526644396124  1.9132819514234978  -0.5677786799826775
0.9934190426251098  -0.9601760665221708  1.903157635172249  0.8771929477654405
0.7700000631070778  -0.37658619167979146  1.7658089094058147  0.3022646099397027
-0.9665598664723782  0.23233028565793512  1.8795002530951193  0.17390042711326917
0.014925498850953511  -0.8450972260339679  1.5858086292143785  0.015069676281937672
0.6760467085070553  -0.998333467177699  1.0642497374749347  1.9172837655553576
-0.8341605089189637  -0.5247151025990552  1.760995645492502  -0.39082525068561463
-0.3310675769777002  0.47089972103649824  1.9883273168488098  0.11451051755128298
0.5019885180522649  -0.7497864179435134  1.5766501126614065  0.4782437079226756
0.6136103459261254  0.2803275528587452  1.0227114748438078  -0.5256236256239065
0.43416684931791283  0.47816042033478234  1.3970502908811868  -0.3335835741352772
0.045954277697866086  0.04551930940466531  1.292320090558376  -0.003774879044006522
0.41006573401693214  -0.3921249455994743  1.792466048377018  0.15656031967895379
-0.020496031608282284  0.4362948108735061  1.3538843337290314  0.014605577663775621
0.13536190261183023  0.1417121121695829  1.2975408807350584  -0.03464985482757924
-0.3762023057992774  -0.24550609054824302  1.8680847022327214  -0.07651972838099937
0.28316636402047546  0.05217472809861623  1.9722758936372178  -0.011726354339720234
0.470849807135738  -0.5692069696728619  1.0496295395752133  0.7658568474289053
0.02715635297939334  -0.6411798963832348  1.7733503225199008  0.016655762134315476
-0.4132897448313483  0.4775281463839681  1.007817445588305  0.5597874559104334
0.7590116239893073  -0.20960604743802413  1.1587084632997446  0.38468628957316264
0.9354535948558768  0.9317451013916592  1.5860392813945312  -1.1467445002695755
0.9347324895026993  -0.38061118477583145  1.9603769746622897  0.306358778424624
0.7030187901644634  0.43871805316857126  1.3788704395947486  -0.5234615874514054
0.6688747225640886  -0.07834438074730354  1.628137682647263  0.06355615485078839
0.2930245001321744  -0.447466480240866  1.9227283122896228  0.10961397322640998
-0.9691315701198966  -0.13939632934060242  1.6193837042288295  -0.14089109963244112
0.6658367888934547  0.5897825791550309  1.8090050129056154  -0.385679052158877
-0.13091023516926614  -0.6315592913955681  1.278270255605428  -0.14983564875117128
0.49040643077008605  -0.9937750944998518  1.611227002302038  0.5922295873255725
-0.37559419131667415  0.3760398880522646  1.690799399752541  0.14284889631864278
-0.8615607292512898  0.3929830661631949  1.0198729224625362  0.8990764643520808
-0.978189795571632  0.006918544316805164  1.043039659238107  0.016999131420870235
-0.695068543905761  -0.09174567999704175  1.6753478924255387  -0.06372956197639049
0.8792810145163775  -0.796978108030687  1.159190856367662  1.715364326576259
0.7724855563766717  0.8980249122856738  1.6322421467022592  -0.8465372990158769
-0.6800437594647347  0.0892572387789613  1.5072007601198023  0.075056156439564
-0.10851995491489486  -0.40664077481087146  1.6929998239472073  -0.045692022809966586
-0.3730086976232143  -0.4216740640927258  1.7752873519883166  -0.1443361254757939
0.057177627197851244  0.9083081032718194  1.5487111190041953  -0.06533261753550423
-0.6389420130730338  -0.7562878902938363  1.5268074507973262  -0.5845246949110631
0.5906957083840753  -0.2529984427041364  1.5567748881145131  0.19660464288444532
0.8433939183004571  0.8293240045043928  1.7078536648682068  -0.7856698954476027
0.16182435403574047  0.14065596778990308  1.3831307405234647  -0.036281251599855305
0.3750287970254589  0.7427045623450407  1.3267955119507846  -0.4931676002097056
0.8830642791144652  -0.11945852299982695  1.7197353966009667  0.11737039322955123
-0.8898061347618816  0.007859431934304495  1.253372188298183  0.012263870383408572
0.7668320531816586  -0.5035519801270365  1.950681311971321  0.3297178344388178
0.6465602406102259  0.3290101427280193  1.2431815570249238  -0.4414678335385036
0.012152124619644988  -0.08103302216354424  1.3431792785371228  0.0016394403516553893
0.05478753794545699  -0.24253156606528126  1.3184080183900342  0.023059908164013654
-0.793433499157411  -0.8620795991450669  1.9585270020688679  -0.4956332206950121
-0.9968756926138478  0.09362274981086083  1.0049283034734056  0.2521181906649519
0.405376153944052  -0.85031675288069  1.6547641805978144  0.3936044612670111
0.45510638671420955  -0.7792159045733285  1.5076956892124307  0.49033570082020334
0.5983879062687092  -0.4321735825388461  1.9441978582409618  0.21831271437086877
-0.5671664270868655  0.7802939531525482  1.2093148098058886  0.8591178075294191
-0.3575203065575674  0.13417185766223616  1.9982217416860837  0.03479687540488526
-0.8793678385099906  0.5766765881853156  1.3003995214482884  0.8269264628922428
-0.5444256636559212  -0.25245575205921966  1.1973252800715137  -0.2727708018334521
-0.2691889535493541  -0.9275973152030307  1.4346905366703455  -0.354393183174077
-0.7488877495754094  -0.908710401346659  1.5099956275535868  -0.8330068509468849
-0.6011142681541453  -0.32238127592983923  1.977664629388507  -0.1402139722186881
0.3499107609331601  -0.01884154339031907  1.870084015219256  0.005860591658871444
0.5732020060196558  0.2832235672799729  1.2557799162122725  -0.32761748947895947
-0.3351055463140936  0.2029371327474585  1.0934877229732611  0.1650903360841958
0.6456045645181083  0.028059826400900545  1.676488398645751  -0.02067073870393778
-0.49326419208908534  -0.9352686254252313  1.7326698806213903  -0.43933413757693174
0.2337899149999043  -0.18304387450796233  1.2792438533638735  0.08032846860661834
0.5037536665959267  0.9902042406716252  1.3781991465475727  -0.8296374191697412
-0.14397002185570507  -0.9440500875360109  1.1881077102538642  -0.2847533070430731
-0.47601181990861796  0.13331218421390212  1.0623690639086818  0.16101340145465326
0.249867307234393  -0.013380455533042457  1.2009937470360668  0.00713197105011137
0.12443624036083689  0.8266686472849952  1.648904181115899  -0.11493356205998453
0.7102022758254158  0.23557733252202762  1.8935100260990554  -0.15069378400680286
0.9328904303803295  0.644115953181664  1.968251618688135  -0.5131990574336114
-0.23504320954937674  -0.5946494458101348  1.8017922829200148  -0.12619171904258128
-0.006607214518155824  0.9472317016510515  1.3090959649303024  0.010948788467154164
0.4844360650188112  0.849464263309647  1.53434124056469  -0.5510923560929375
-0.41826643851322154  -0.8679818408885811  1.0482480962765974  -0.9513959269723905
0.16065525467631847  0.8255181428004892  1.7439642621190612  -0.13295401983958668
0.5234090818857815  0.6319799555344693  1.303295890235849  -0.6164922588165137
0.6002483344994192  -0.26637043168359975  1.354397261653328  0.2781824443354951
-0.19519129947239688  -0.9801256550431502  1.651344870846219  -0.2064393696708527
-0.1261678715385135  0.20894486099360698  1.0095805679635828  0.07662573209398817
0.15997746135767532  -0.7899349759138711  1.0644184739807931  0.3400560444306467
-0.3542016280553072  0.381511776673629  1.515049686183382  0.17057264616374207
0.5067387247577887  0.7355194880071545  1.1748605551659883  -0.8533190735324837
0.4102603764099041  -0.9449464914340767  1.8292663250990322  0.36243268052584954
0.10111068417633062  0.8719590694271564  1.9752367056159055  -0.06848408220754577
0.2826192646013227  0.58591192673742  1.5873709280187613  -0.20288469754562902
0.6188386200846419  -0.6914063909103539  1.7652417631985466  0.43910366189475303
0.5608147597681339  0.11966505897581337  1.9908243041878748  -0.05381553621322787
0.4858981441500194  0.42095294432268116  1.037092893403095  -0.5996487509024754
0.6835859794281187  -0.2305892305772974  1.354387467422666  0.2767061350519832
-0.3896432315332675  0.9529864742578277  1.5105440359471278  0.46990245321000523
0.6931447675560986  -0.14628179953666332  1.4881530215447638  0.14758334813656374
-0.6258466373507953  -0.7950202236721707  1.4243528285092166  -0.6924184732772974
0.8614265379527603  0.04768433044708298  1.1188044043565684  -0.10772796313185505
0.24253116202931102  -0.16593775283218903  1.7137394467662799  0.0421315315756826
0.483191270623067  -0.020552961284364235  1.5734786367540483  0.0126445010263907
-0.3082396532119732  -0.8580631840815802  1.8697019417434633  -0.2201911024134549
0.5164222749663283  0.7753850542648919  1.2047082072155946  -0.8727858584825524
-0.1981752228350222  0.6288491269071856  1.1182192667877167  0.29318426674528625
-0.5660418608788094  0.14221879719425368  1.4097082339103442  0.11501540321912827
0.28790919820511407  -0.7223126069957245  1.3732338425243267  0.3406436205067147
-0.2542833791380382  0.18760698765573547  1.3661690455262632  0.07477803385850777
0.05567076779653912  -0.07930696460650366  1.020336982582127  0.012793725937590136
-0.1800145856214158  -0.42326358818717347  1.6847515740470769  -0.07910787475566683
0.20829553019525038  -0.948584146983508  1.5573833988720716  0.24959029157287096
0.14790249428113478  -0.9647392793034186  1.371327637095976  0.23104445781360036
0.9035405377707741  0.9192907918595982  1.0485627394873025  -2.4914981916649217
0.932679623416907  0.15498082074539965  1.7459471990399527  -0.1568882893551304
-0.48661536800984606  -0.9625925337875788  1.1001078342755044  -1.1072449545246037
-0.6481733075492455  0.3583675526128157  1.1174661833560449  0.524079519212434
0.8885038740407472  -0.38869775583667865  1.014797811106643  1.1041901667528782
0.5075748799329878  0.6380245557708911  1.0402681024897542  -0.9457819581874383
-0.1481544915721783  0.8294438135704986  1.0703209421367856  0.31710853649749277
-0.9111650631212088  0.40073617403197903  1.2507264313036988  0.6417724652127242
-0.5732165268591481  -0.4702293281504336  1.6506232579308355  -0.28070272204723473
-0.9790040711264277  -0.8931045979182145  1.9047708240053223  -0.6585059011015183
-0.2011457906144235  0.9434652510320307  1.6624371382307106  0.20193829888012738
0.7857023300997721  -0.48881495930122354  1.4135523918953286  0.6258031232918639
0.2737596093148149  0.11453813896931775  1.2297343505565197  -0.06395479942826947
-0.15718963901395433  -0.8647090831867423  1.0417914835566102  -0.36989633274322886
0.9063894101508267  -0.6368212211125114  1.7809836266206451  0.6003401623162654
0.28840668972544126  0.5331861236280192  1.9235992877582038  -0.12837655592095246
-0.48347501731041775  0.7114465413917488  1.0475384663252265  0.8969997895756738
0.04718453366474751  0.4062156482568766  1.334680508358833  -0.032432242830897684
-0.21471656096983582  0.18790265363187764  1.1615904894556404  0.08781875893599211
0.38251539065488516  -0.5035692232911579  1.8997638976710678  0.16648249945923627
0.8618156203213633  -0.6012129423949911  1.4798706466103528  0.7767057293728769
-0.07233033853822224  0.9919778069209407  1.0124079539421174  0.20849836358690585
-0.720594467424881  -0.21926684980328592  1.231270055834454  -0.29164843601254353
0.27229899328205354  -0.1256529529961491  1.5941563697523846  0.04152101282670258
-0.29519898296207703  0.8192355526760915  1.875007870142921  0.2004490341564166
-0.18668206047030333  -0.5404506348103407  1.5551592262326808  -0.12285629038510404
0.7116145328889233  0.014943006145158089  1.7087483700553525  -0.01176271519308507
-0.22665883334271053  0.6880051608080111  1.9632466753458826  0.11868670975692278
-0.2214231254024822  0.19824771637850447  1.8466395957291204  0.03778128901332274
-0.38070255281619314  -0.9521458516837458  1.1480810088593656  -0.7947649576944058
0.2813016485853739  0.8582084364422377  1.0247136058255442  -0.709697382550798
-0.15349190703748372  -0.4031827145965422  1.3170836133746766  -0.10540628846166687
-0.750023719098641  -0.4139726545123058  1.6301782852764926  -0.3260530572100317
-0.3706619308830571  -0.9671831110893877  1.936625623817656  -0.27650953898468794
0.016627761670034102  0.09347921971458917  1.0021971467474033  -0.004650359588585815
0.7606697614657503  -0.5337656392120377  1.2223983258664703  0.8822710660573135
0.10802214637156593  -0.5533699170547159  1.0407709104260214  0.1673617379683466
0.45456133547725963  0.729431149300525  1.814481571379976  -0.31651699768575176
0.47180787495596643  -0.24974808824213068  1.8789050247055918  0.10509170821565919
0.15998444161459835  0.5418906078051421  1.7035676941366522  -0.09107434402945679
-0.5938340264649449  -0.30901950873794715  1.2285982655811645  -0.34427007253089714
-0.6160316669098581  -0.0077084702735086275  1.9838668036955909  -0.003409614412132196
-0.49640225899909207  -0.22804158104382544  1.6761690610394848  -0.11515768904621698
0.1971737884059639  -0.8499610347952546  1.1848279720265191  0.3653486874439303
-0.531678499364976  0.9588538883988268  1.8655259985456167  0.4172752076783193
-0.96254224470272  -0.36924029873670017  1.0680002948466583  -0.852699724093781
0.4984440425364359  -0.2516573032844508  1.123288375697782  0.3138845527125184
-0.6241446793249334  0.41056202957094234  1.5477923887818816  0.3020410137593283
-0.6846486293854428  0.8773623646420667  1.61689760077146  0.6451232898425658
0.495385801952543  -0.7265448312463975  1.1268567229223643  0.8946544660505855
0.8922561220611233  0.00548151945336306  1.8313834682798016  -0.004803329313861658
0.4687723081127029  -0.17521083246825775  1.140240588907556  0.19883934276122156
0.20667347346545306  -0.4425557634740056  1.7532361111514425  0.09115131638608999
-0.02629010265461884  0.5861484131253547  1.5298482342139526  0.01970081372185674
0.30581731357012876  -0.14947597142788782  1.1774869809823287  0.10203079732613064
-0.6031596669909025  -0.7244238045643805  1.5653124014248596  -0.5045554562452914
-0.49192310133077444  0.8523942640016814  1.5388480995727607  0.5063051995374611
0.7791386625418988  0.016005914310706748  1.2728657943791348  -0.025042620650940078
0.6039825942558961  0.18146237592543724  1.4074462901956468  -0.17665453741057555
0.5630006251043347  0.7756838122744095  1.60465171354931  -0.539162111322017
0.2147776511151266  0.5450444844903053  1.597799849125645  -0.14058106925624267
0.8451660923551951  0.8182289861590584  1.9921522600084338  -0.5710086061720894
0.4215575796427464  0.4456215375087579  1.7953152524842584  -0.18254418202674902
-0.12869695140280513  0.021242361991911762  1.684710741795243  0.002852909874934151
-0.44430233657958595  -0.6292465163849172  1.8024620704689422  -0.24717751835308752
-0.1961263642412614  0.6447018588498795  1.623768357518371  0.14110187908805347
-0.6941730076900172  0.93566364841203  1.3072633975633716  1.0661917694552603
-0.04313794491297551  -0.7642931223825357  1.882339182281024  -0.027795562347189426
0.9642400598403664  0.9742353982538614  1.3557965991466496  -1.696744952825617
0.40231497618863954  -0.8253900523513357  1.3849510856854694  0.5411420983323256
-0.6250997785043491  -0.42541484022302956  1.1096328508156241  -0.6098058793431465
-0.5115586409934093  -0.11990473590744966  1.5839461792216158  -0.06977583748192889
0.8328541914941637  -0.38307579140375214  1.6457845137811873  0.3854737918310066
-0.5509592862134588  0.4926249373079634  1.5124542413217013  0.33736553957092974
0.6325911275872351  -0.3746047741728823  1.4336245970525636  0.369255773834874
-0.8056509746850992  0.12620222901016798  1.561937832614713  0.11570624317524777
0.7765238783383247  -0.5789324253746524  1.1388718028838931  1.1273522490332797
-0.11537318084087467  0.17937305350894206  1.9829987365592225  0.01560833356350324
-0.0850330054736893  -0.003928443450335828  1.763197423594514  -3.1963187393250624E-4
0.3771095068869449  0.9716385675998725  1.4127966887666783  -0.5723063972899255
-0.22681507328754325  -0.5707131038187673  1.0490356087824995  -0.3450564487540651
-0.6864062926700948  0.4454755738628364  1.2622504075933145  0.5387703482618288
-0.05012988604219304  0.9109948712635648  1.0481141847567954  0.12409235664072497
-0.37505173998667174  -0.6857982291929839  1.0130834083498663  -0.7246497086370045
-0.6828199982061215  -0.33268525236123203  1.7700503544041553  -0.20361224049001042
0.5450994359915119  -0.24307046985353886  1.9812811597196416  0.10709766507039743
0.8595477663406301  0.607564293784601  1.6606720439780485  -0.621509942462949
-0.35726013356514996  0.06402781390172885  1.8928056292149065  0.018493434056843342
-0.6088792413616854  -0.6320806731003814  1.0907593531208297  -0.9147397177939893
0.029091973147462147  0.670885659416653  1.323259202879743  -0.03353655012020397
0.021881988006483666  -0.39851456699572596  1.1125043455729804  0.021183619306941216
-0.2869514941854491  -0.3002887031169992  1.200012297694589  -0.1745061166472816
0.262369671813105  0.2693676269270995  1.0266347970383167  -0.2065832203425952
-0.5252088531347294  -0.4868186951891552  1.81815257214513  -0.22045967818112955
0.9045126479018882  -0.0942663645694718  1.1269437421927653  0.22144312953481032
0.6147866695601114  -0.787979766303635  1.236136397961229  1.013406825680688
0.6870627257542511  -0.9577832239216217  1.6956348712001053  0.7372817977187848
-0.7067880431682136  -0.24919486185158435  1.1895194083054306  -0.34877653749222176
-0.6488554737897947  0.15093619392853952  1.5227878303282778  0.11898189847434724
-0.36009148292127824  -0.815078316257678  1.3785228140614647  -0.4472413373707424
0.6046274954430729  -0.5618831683842154  1.042343787688633  0.9984336326186625
-0.326692094590323  0.23932193888254583  1.8749977307123684  0.06460701436579243
-0.9837117008917938  -0.9662749190375056  1.5069093775594575  -1.1433163200579735
0.6257680170531873  0.4278003007863357  1.5747420566326107  -0.34547860197260327
0.090173113683507  0.4392799550560659  1.3716066287716924  -0.06374035656115148
0.4755803187941099  0.3814366027996947  1.8508961462283446  -0.1667880257534675
-0.9578655794039642  0.2244887121814716  1.396006048255553  0.30207846249027065
-0.9081321047609142  -0.5660815045047124  1.4927047760029923  -0.6345283284700465
-0.727295935855146  -0.1854048703058766  1.5913479990142536  -0.14891312143492716
-0.7199004520264485  -0.22086414814289568  1.431326192320772  -0.217195556433503
0.12577349106834035  -0.379328552040206  1.4918848340139275  0.06512567236690318
-0.8959222268565888  0.6845331197171118  1.841256171679982  0.49807369467353735
0.4039166079177918  0.16804302044969  1.783989675504805  -0.06667373085189673
0.9451923842772287  -0.6471895414360597  1.7836061682811564  0.6370826828189782
-0.3891340609891232  0.5923733033512587  1.8200286863413666  0.20094636855421194
0.19198150621967502  -0.46412743016489166  1.3378431630001137  0.15227415649079099
0.032262746247726515  -0.8565545061687821  1.2268589200244928  0.05525756712587555
-0.04767832809311423  0.4564643980918509  1.0042050533068503  0.06443749592684651
-0.5223236273062767  0.7022201735812799  1.7077943007107859  0.3585514254734346
0.5366228407993641  -0.8927194065336084  1.2930112073102196  0.9083530047931615
0.2546735856073342  0.10010947264657533  1.2642062347447784  -0.04910752940908652
-0.8407472843585723  -0.034951243994548076  1.733284606053993  -0.02706763961707422
-0.3911274662107753  -0.09033634500050691  1.7264413582259521  -0.034224392618441166
-0.6634452342028325  0.9466134451642668  1.8059025663157795  0.541767350663523
0.6314723978178484  0.18992821201405097  1.4969271965263629  -0.1713927346253305
0.6728244396768435  -0.416632690956265  1.450936318322343  0.4282816845649696
0.011891416983711878  0.6306132650035605  1.3502953450402755  -0.012353134470467615
0.8763767319275213  -0.34073415375066496  1.1205903499171623  0.7819278113195527
-0.8979738601391766  0.7524320876541142  1.6008099633933974  0.7258166691098494
0.2892483827731952  0.7176899614717612  1.7944994631151285  -0.1991542388733299
-0.8921651388873811  0.2622055843409349  1.7966973718274084  0.19959256466250644
-0.8009775742671293  0.3315633163972562  1.7799983531880985  0.23281224629607947
-0.6247629101532521  0.2633745536945703  1.7101068287726389  0.1588709807454456
-0.41316275208782616  0.4833817832379931  1.4638850972787574  0.26849491216315824
-0.5441022116448251  -0.10902460829487404  1.9019963384795724  -0.04665490620386245
-0.533544683728936  -0.35485542855103  1.8323195558667857  -0.16060776172832963
0.01870276289428574  0.24743620769218422  1.7104539701521992  -0.004754233435573201
-0.3690607408625327  -0.796230829140101  1.5406201605936092  -0.3582015995500721
-0.6683287601122608  -0.4842959891106685  1.5616898874015726  -0.3731954074664208
-0.5883165777349302  0.3592466209072499  1.4942608686942522  0.2681916599053042
-0.6616992290012347  0.03343134529785763  1.9736411748529765  0.015979858002257468
-0.8275046191521712  0.08915198964370241  1.3363649667966904  0.11445747998127037
0.2686868159314678  -0.5648799013196794  1.2169225461055753  0.3159558563203378
-0.6260858043073616  -0.05722284394612287  1.356105575135651  -0.05500019490026403
-0.7000696423483784  -0.2721880134613486  1.0364589374146829  -0.4973254566718868
0.4106743590187295  -0.4831329691290045  1.2079461840521872  0.4254046945179341
0.8772042791846101  0.997591518951708  1.1049008159801212  -2.3572204809000645
0.9367832794015271  -0.9565152305702344  1.4254989586381628  1.459607549708455
0.3694343930905757  -0.29232720593684614  1.4768272932411854  0.15424695544134973
-0.465783250279289  -0.1263044410680022  1.1284866873119856  -0.13242169020355715
-0.14383877025761094  -0.2085481986714397  1.507386732385475  -0.03904378787264503
-0.04410718807954239  -0.9578413284043681  1.050026586195556  -0.11444907016335382
0.7683696217240574  -0.7685811016042317  1.7726376511151793  0.6107490439189313
-0.7870301356727462  0.44971335520990297  1.1880025238541683  0.6974479196189111
0.2769875533257039  0.7266090196154901  1.0292825138315216  -0.5861547142545901
-0.6020269524059155  -0.5090135249339902  1.0330691601448412  -0.8124914768416756
-0.47862992912323354  0.10795453127971155  1.2422146400964063  0.09586590872681844
-0.4466417336078563  0.4748397677646021  1.6118766197276866  0.23441605153785855
-0.2084513496060021  -0.4032617027112626  1.0184211528656606  -0.23817614397501852
0.9609999432714916  -0.7907865736919782  1.0630813660068616  2.23177548700845
-0.9705702349875297  -0.42094727818402866  1.260032201863933  -0.7036933359083221
-0.18169035593762273  -0.30887404770381044  1.33190753206945  -0.09321085997608945
-0.9004852573002381  0.013850371543959628  1.5980287346460962  0.013441393182608681
-0.39599738629329795  -0.17641822953264663  1.913356597445245  -0.055067965982699515
0.7294663366325018  0.9382197701536017  1.8172946621818733  -0.6706186894145358
-0.9757560864776785  0.7459978861644786  1.6221708912028048  0.7560882089460365
0.9127648728541481  -0.3588271052580899  1.4249264341979695  0.5325357434323909
-0.008942915831544163  0.2547684847917068  1.737503488952385  0.0022620724953863786
0.6917538345515682  0.2574979148630744  1.154219722091888  -0.43092501442954684
-0.5731344677611282  0.456388873713937  1.8207200594867123  0.22388382633048026
-0.20354167411372892  -0.6487494453313596  1.209390917441564  -0.2654405377189222
0.7449253568367987  0.035864346965788774  1.1852739667874723  -0.061642397634141755
0.8897754818039303  0.8611774665265499  1.6293371892403055  -0.9504807508965522
-0.6681742121536163  0.5893955550019538  1.6981918104290572  0.38402034881414737
-0.15195611285492405  -0.6530345202082335  1.2366943685860274  -0.19173485590082706
-0.7945553695972796  -0.568208721071804  1.9940467989493031  -0.3155570337995181
0.1694474873355334  0.9320022181896861  1.210843630339892  -0.328714819216394
-0.4234616969288555  -0.7433057210179793  1.605671652239231  -0.3513802995406809
-0.9574234121936577  0.820019898756605  1.6156962048350916  0.8234208044387707
-0.8940927579343853  0.08871348784383482  1.1731848938272833  0.1586972834982231
-0.4673254713830587  0.6123542030715924  1.9760300847332162  0.2100489802481787
-0.7879523905110828  0.1613577144837932  1.1367126192394956  0.273634329549862
-0.8972008859666613  0.33467058752915  1.7464602517505545  0.27101674559530003
-0.6804798415752167  0.9989886302189547  1.89164807487625  0.5336120327619697
-0.41187093216915194  0.5021084532024008  1.787025867436197  0.18659047764880396
0.8097815940481154  -0.7021210051102195  1.6721904108409498  0.6637489269574172
0.4046925931700561  0.8703098985048764  1.5467232622276406  -0.4602950518253998
-0.3101734672909323  -0.4158204951941743  1.7036577866634548  -0.12930076472365865
0.948289833216846  -0.3706686905505342  1.8745785579720873  0.3315204499880537
0.768370248664503  0.6020988792814558  1.8417168201298602  -0.4432365104994045
0.5687408289470555  0.612041766553509  1.306141246604003  -0.6490329617758209
-0.00867635021398716  0.7790239546800767  1.8028736625442745  0.006233068593298739
0.27713465046699604  0.7707144792104033  1.4063169839382592  -0.33323060953657646
-0.48657383388569264  0.2993822020566044  1.6316224178001588  0.15653917378008783
-0.4481002799917372  -0.9820705835792569  1.64759249371232  -0.46548129187928977
-0.08192628954155312  0.016455109014038904  1.5824565200250245  0.0016019103762141015
-0.6439320588405847  0.484354429794027  1.24191985894122  0.5699481403949801
-0.626005712588374  0.6194109045554056  1.5970584720103829  0.42920692342246264
0.54548600069929  -0.3809141233469632  1.966417288352494  0.17050666610972526
0.19120933199208345  -0.06382223214714622  1.8965558517878076  0.010376612250428458
0.4204185561051349  -0.506794033840035  1.984839973364656  0.16937023692254763
0.11729859115781527  -0.43737483528958265  1.3945573887614737  0.08007913743598583
0.8920308608572207  -0.17354380962866622  1.8913262856682758  0.14254624906676933
0.3700212049883266  0.11603446770704928  1.0681742749416019  -0.11722637142326532
-0.4775364480380885  0.5782909595474045  1.1287102431279425  0.620654730137861
-0.13195104217450704  -0.5265135075503292  1.641429596911329  -0.07634946429665863
-0.4556843689387797  -0.09577586104367775  1.7648101862009675  -0.04020619579323361
0.3443085512561125  0.8471795902048941  1.8690255856397955  -0.2594362604132516
-0.06616317016238582  0.11208453461031465  1.5662841517995734  0.009009033055969173
-0.16353847786927367  0.6775503379970925  1.929664416090561  0.08783634581705684
0.006029419466879071  -0.23377598374233544  1.8762362985349168  0.001201942003678932
0.20678014094667596  -0.9778230217260558  1.4089165341276817  0.3120285289692944
-0.29361721230719906  -0.7341500648048752  1.979740069221025  -0.16028882554514318
-0.8534510856966423  0.3317232604731394  1.6745408887943236  0.27907211825523737
-0.14318933498119457  -0.7383289053736041  1.197417713051002  -0.21808003559358166
-0.391485053156847  0.9911728194226394  1.1153474664316614  0.9005085418298039
-0.8123040770302818  0.5500432141069715  1.6634054924857435  0.44804556786005756
-0.16995361216920057  -0.9083507396482244  1.361944228884309  -0.2455091082566841
0.929942397293421  -0.47556393871900837  1.6682934451785927  0.5255708699033094
-0.1966136056322353  0.5037559020283763  1.7584397883801315  0.09424189352328334
-0.5214362183648531  -0.6847631600671934  1.1434332687924622  -0.7786928028004101
-0.42924537021607956  -0.7275981598989264  1.673422113061911  -0.3208149320679756
0.4538567217986127  0.8871156974180089  1.659458763050307  -0.4594723828276089
-0.8114837398951329  0.7816031493386181  1.7819636234305065  0.5542483507974205
-0.9235810730687662  0.6034774846777902  1.5536894254156415  0.6341089668145932
-0.4333308857768329  0.9300866951674979  1.9143043375097863  0.31624188023152755
0.6902036007289782  -0.43523926148034264  1.0986370473553027  0.8020064796048232
-0.9179342749245898  0.15954211750037195  1.0381519616703696  0.37337553639852095
0.27486142548130277  0.21411621469482844  1.1030876245181853  -0.14919998630995776
0.6918949925361605  -0.0772130935359655  1.1477484549726213  0.13070665103249923
0.2366024306985306  -0.14218746856434183  1.8897856009735459  0.028945145266545166
-0.45685336445346103  -0.6690478872895587  1.392152339798994  -0.4524605766211082
-0.8209534376110792  -0.7772557452217409  1.1268326968013391  -1.3932187565434457
-0.29400873917444936  -0.1795248574543412  1.4463629576634656  -0.07353040718331207
0.8467963430936535  -0.8981971363954036  1.676379531387862  0.8870621940967394
0.07732899859859566  0.009203840024304522  1.561380953768218  -8.826455896125958E-4
0.22059667344921396  -0.20437818892259285  1.152512088602283  0.104124139078351
0.5003754280503452  -0.7452232276385575  1.7130987659697343  0.40126600258099065
0.20365194590341917  0.4087203955661105  1.7045198271858741  -0.0877339751629817
0.11891575299326218  -0.10567630728095811  1.9857080258420623  0.009676156625172058
-0.7241522681082734  -0.41250521889868996  1.131700112168308  -0.6524615265331875
0.5379585786760276  -0.06684108940797229  1.5943884620336655  0.044847731584090805
-0.0404230963609602  -0.8790761405374666  1.5268625510640845  -0.04554339729459195
-0.7167702344032805  0.8942078011671232  1.486317553948095  0.812180461267317
-0.7968143757883356  -0.02136966808271601  1.4887172426841628  -0.0213479472206935
0.3962169895015226  -0.37137117979119283  1.1110525249245606  0.3723497148609224
0.544512929638454  0.7934856052050435  1.554968119421754  -0.5669459014833367
0.7649149234338624  -0.6379858370921004  1.9642485480846241  0.4108768232629378
-0.6544013017662407  0.8287026990560376  1.9204126461948583  0.4140435252721725
-0.6478043159321679  0.6475955534071715  1.7662800682931747  0.37886959396420555
0.9594140460820397  0.43549525280569845  1.015521323557496  -1.3444234491258393
0.024648398930770754  -0.04234539444025476  1.4140387595360977  0.0015698758614438378
-0.6142223337850086  0.17987734322735693  1.9443150787391719  0.08260414759044153
0.4464737326223297  0.9340940243267567  1.055031113125144  -1.17655849818813
0.43820243718240093  -0.11807949351643321  1.6949738312380493  0.05650735577263237
0.623127754930964  -0.6656149829653368  1.0835562403740773  1.130213591072702
-0.254337411334846  -0.5600646655392054  1.0372233763418617  -0.3873624149737177
-0.891061082023444  -0.6023860924487572  1.495496489153266  -0.6610931812621191
-0.4959054102740261  -0.444253984941708  1.9675128354091405  -0.1626658461438506
-0.5514061660069889  0.641517529461788  1.6980180285201074  0.34882408667919884
-0.12159583108643535  0.48022130136902563  1.8322849547607467  0.051552097249391596
0.886802265002637  -0.7018870754364558  1.530790167857138  0.8744060865705462
0.8582594654980591  0.30282057494410086  1.992861082068664  -0.21475451013705374
-0.5417174196629758  -0.5263891667335382  1.2843589567290676  -0.49194527183804365
-0.13216221975379416  -0.002642998859612389  1.249836926182316  -6.620895252125433E-4
0.48387436573472564  -0.7468361122576113  1.9078384543717446  0.31299385840759836
0.11081929573405458  0.7189024700682458  1.643264667119094  -0.08950169681789999
0.8805561195901798  -0.16358043708934922  1.2815286117401836  0.28852582396766735
0.8678063660100118  -0.05748075117816498  1.625760913807393  0.06199805337958957
-0.4279316053312652  -0.42007995134179754  1.4304689337827283  -0.2527391599590983
