-0.3750422478260832  2.1762442188866706  -1.8150984446748542
1.4600398740456737  1.671009559813332  2.7435525041694033
2.8896055759430657  -2.4252757195089334  -7.196197644107885
-1.8511388013628771  -0.8082731296724782  0.5928626120392978
-0.8860355562295936  1.2029334668630909  -1.4393051916847859
-0.27005912866622683  0.5872514505634913  0.34194101056054615
-0.6199956522728567  1.3006167401669086  -1.2743515663643796
-2.2264402877074483  -1.0707108709337856  2.771301459897421
2.1967290572970897  2.5568359172706936  6.574255240864038
-0.07019946424106571  -1.3822335955706713  0.6551596764222136
-1.4323991452367746  0.1329376996756363  0.6681896821809978
-2.0433157602586434  -1.3737046240369724  3.6149109819842153
1.768013441256088  -0.8043161605576681  -2.4049674985349556
-0.249165190594265  -2.8462684367269713  -0.2865582883998339
-1.4860165148179263  0.7818553031474973  -0.645732837726372
-0.5149674171657652  -0.6189033813161608  0.9544859266681267
0.6019009470806362  1.463491317768538  0.697406575455779
-2.9587641455364047  2.6455998263441365  -8.057003790496996
0.36313390574491466  0.24778676193676374  0.5509241785783106
0.33368121506896353  -0.17831502988164494  0.6474191921430477
