4.542585909366607666e-01 5.541354417800903320e-01 6.237626075744628906e-01 4.575089514255523682e-01
4.542524814605712891e-01 5.541429519653320312e-01 6.237270236015319824e-01 4.575004279613494873e-01
4.542375206947326660e-01 5.541614294052124023e-01 6.236386895179748535e-01 4.574793279170989990e-01
4.542010724544525146e-01 5.542066097259521484e-01 6.234233975410461426e-01 4.574278891086578369e-01
4.541108310222625732e-01 5.543195009231567383e-01 6.228865385055541992e-01 4.572996497154235840e-01
4.538856148719787598e-01 5.546036958694458008e-01 6.215350627899169922e-01 4.569774866104125977e-01
4.533166289329528809e-01 5.553300380706787109e-01 6.180737018585205078e-01 4.561562836170196533e-01
4.518599808216094971e-01 5.572181344032287598e-01 6.090162396430969238e-01 4.540297389030456543e-01
4.481176733970642090e-01 5.621680021286010742e-01 5.848507285118103027e-01 4.484822750091552734e-01
4.386674463748931885e-01 5.750109553337097168e-01 5.198776721954345703e-01 4.341758787631988525e-01
4.177508056163787842e-01 6.045386195182800293e-01 3.679128587245941162e-01 4.015400111675262451e-01
3.898500502109527588e-01 6.463281512260437012e-01 1.875095367431640625e-01 3.560139834880828857e-01
3.752611577510833740e-01 6.696357727050781250e-01 1.169572621583938599e-01 3.312297761440277100e-01
3.760364651679992676e-01 6.671435832977294922e-01 1.189432814717292786e-01 3.340294957160949707e-01
3.932821750640869141e-01 6.399462819099426270e-01 1.885061413049697876e-01 3.636441230773925781e-01
4.258083999156951904e-01 5.945908427238464355e-01 3.600198924541473389e-01 4.140074849128723145e-01
4.494220316410064697e-01 5.620265603065490723e-01 5.108243823051452637e-01 4.503549635410308838e-01
4.590621590614318848e-01 5.482287406921386719e-01 5.751126408576965332e-01 4.657001793384552002e-01
4.624630510807037354e-01 5.431584715843200684e-01 5.981006622314453125e-01 4.713180959224700928e-01
4.636761248111724854e-01 5.412840247154235840e-01 6.064568161964416504e-01 4.733898341655731201e-01
4.641272425651550293e-01 5.405656695365905762e-01 6.096295118331909180e-01 4.741823375225067139e-01
4.643032550811767578e-01 5.402786731719970703e-01 6.108903288841247559e-01 4.744985699653625488e-01
4.643747806549072266e-01 5.401600599288940430e-01 6.114099621772766113e-01 4.746291935443878174e-01
4.644046425819396973e-01 5.401098132133483887e-01 6.116293668746948242e-01 4.746844768524169922e-01
4.644176065921783447e-01 5.400879383087158203e-01 6.117249727249145508e-01 4.747085571289062500e-01
