1.777546640369109809e-05 1.000000000000000000e+00 1.109411750803701580e-04 9.999995231628417969e-01
3.969745012000203133e-05 1.000000000000000000e+00 2.641041064634919167e-04 9.999983310699462891e-01
8.935385267250239849e-05 9.999998807907104492e-01 6.339531973935663700e-04 9.999935626983642578e-01
1.995338243432343006e-04 9.999995231628417969e-01 1.508085988461971283e-03 9.999754428863525391e-01
4.472708387766033411e-04 9.999982118606567383e-01 3.598418785259127617e-03 9.999055862426757812e-01
1.002284581772983074e-03 9.999934434890747070e-01 8.561284281313419342e-03 9.996372461318969727e-01
2.244462724775075912e-03 9.999761581420898438e-01 2.022986672818660736e-02 9.986062645912170410e-01
5.018396768718957901e-03 9.999136924743652344e-01 4.704742133617401123e-02 9.946607947349548340e-01
1.116046123206615448e-02 9.996883869171142578e-01 1.053837612271308899e-01 9.798382520675659180e-01
2.463374100625514984e-02 9.988753199577331543e-01 2.194004356861114502e-01 9.268899559974670410e-01
5.359232053160667419e-02 9.959379434585571289e-01 4.019336402416229248e-01 7.672506570816040039e-01
1.125630587339401245e-01 9.854623079299926758e-01 6.161576509475708008e-01 4.619430303573608398e-01
2.213376909494400024e-01 9.493078589439392090e-01 7.932270765304565430e-01 1.826166659593582153e-01
3.890174925327301025e-01 8.381242752075195312e-01 9.016038775444030762e-01 5.498743057250976562e-02
5.879486799240112305e-01 5.885389447212219238e-01 9.563279151916503906e-01 1.491604279726743698e-02
7.616842389106750488e-01 2.833926081657409668e-01 9.812397956848144531e-01 3.928097896277904510e-03
8.775427937507629395e-01 9.842147678136825562e-02 9.920675754547119141e-01 1.024340512230992317e-03
9.413000345230102539e-01 2.934235334396362305e-02 9.966599941253662109e-01 2.674223796930164099e-04
9.728877544403076172e-01 8.301394060254096985e-03 9.985974431037902832e-01 6.977641169214621186e-05
9.877234697341918945e-01 2.305409405380487442e-03 9.994130134582519531e-01 1.814382630982436240e-05
9.944871068000793457e-01 6.374593940563499928e-04 9.997543692588806152e-01 4.717725005320971832e-06
9.975336790084838867e-01 1.760484738042578101e-04 9.998972415924072266e-01 1.226681888510938734e-06
9.988985061645507812e-01 4.860340050072409213e-05 9.999570846557617188e-01 3.189555286553513724e-07
9.995064735412597656e-01 1.350168258795747533e-05 9.999819993972778320e-01 8.347986124590534018e-08
9.997807145118713379e-01 3.703772335938992910e-06 9.999924898147583008e-01 2.156383160922814568e-08
