4.687284529209136963e-01 4.392436146736145020e-01 6.767861843109130859e-01 4.377003610134124756e-01
4.687554836273193359e-01 4.392496049404144287e-01 6.767598390579223633e-01 4.376989901065826416e-01
4.688224494457244873e-01 4.392646849155426025e-01 6.766948699951171875e-01 4.376951456069946289e-01
4.689855277538299561e-01 4.393024146556854248e-01 6.765368580818176270e-01 4.376846551895141602e-01
4.693917930126190186e-01 4.393998086452484131e-01 6.761448383331298828e-01 4.376553297042846680e-01
4.704113304615020752e-01 4.396561086177825928e-01 6.751633882522583008e-01 4.375738799571990967e-01
4.730065166950225830e-01 4.403531551361083984e-01 6.726681590080261230e-01 4.373458325862884521e-01
4.797095060348510742e-01 4.423157870769500732e-01 6.662057042121887207e-01 4.367018640041351318e-01
4.971060454845428467e-01 4.479882121086120605e-01 6.492204070091247559e-01 4.348890185356140137e-01
5.414726138114929199e-01 4.644296765327453613e-01 6.042578816413879395e-01 4.299231767654418945e-01
6.404709219932556152e-01 5.073230266571044922e-01 4.945428669452667236e-01 4.180223047733306885e-01
7.747862935066223145e-01 5.812414884567260742e-01 3.224813938140869141e-01 4.003139734268188477e-01
8.465353846549987793e-01 6.376697421073913574e-01 2.140925824642181396e-01 3.951315581798553467e-01
8.352481126785278320e-01 6.426300406455993652e-01 2.063178867101669312e-01 4.181080162525177002e-01
7.331116199493408203e-01 6.042632460594177246e-01 2.772052586078643799e-01 4.678958952426910400e-01
5.572417974472045898e-01 5.498991608619689941e-01 3.936871886253356934e-01 5.232977271080017090e-01
4.341526031494140625e-01 5.144405961036682129e-01 4.769314527511596680e-01 5.586063861846923828e-01
3.841959834098815918e-01 4.996197819709777832e-01 5.131103396415710449e-01 5.746137499809265137e-01
3.664723038673400879e-01 4.942482113838195801e-01 5.266603827476501465e-01 5.811883211135864258e-01
3.600971102714538574e-01 4.923098981380462646e-01 5.317252278327941895e-01 5.838826298713684082e-01
3.577069342136383057e-01 4.915865659713745117e-01 5.336799025535583496e-01 5.850042104721069336e-01
3.567680716514587402e-01 4.913042783737182617e-01 5.344647169113159180e-01 5.854806303977966309e-01
3.563846647739410400e-01 4.911896884441375732e-01 5.347903966903686523e-01 5.856862068176269531e-01
3.562238812446594238e-01 4.911418259143829346e-01 5.349285602569580078e-01 5.857757329940795898e-01
3.561541438102722168e-01 4.911211133003234863e-01 5.349889993667602539e-01 5.858154892921447754e-01
