-5.000000000000000000e+00 -5.000000000000000000e+00
-4.599999904632568359e+00 -4.599999904632568359e+00
-4.199999809265136719e+00 -4.199999809265136719e+00
-3.799999952316284180e+00 -3.799999952316284180e+00
-3.400000095367431641e+00 -3.400000095367431641e+00
-3.000000000000000000e+00 -3.000000000000000000e+00
-2.599999904632568359e+00 -2.599999904632568359e+00
-2.200000047683715820e+00 -2.200000047683715820e+00
-1.799999952316284180e+00 -1.799999952316284180e+00
-1.399999976158142090e+00 -1.399999976158142090e+00
-1.000000000000000000e+00 -1.000000000000000000e+00
-6.000000238418579102e-01 -6.000000238418579102e-01
-2.000000029802322388e-01 -2.000000029802322388e-01
2.000000029802322388e-01 2.000000029802322388e-01
6.000000238418579102e-01 6.000000238418579102e-01
1.000000000000000000e+00 1.000000000000000000e+00
1.399999976158142090e+00 1.399999976158142090e+00
1.799999952316284180e+00 1.799999952316284180e+00
2.200000047683715820e+00 2.200000047683715820e+00
2.599999904632568359e+00 2.599999904632568359e+00
3.000000000000000000e+00 3.000000000000000000e+00
3.400000095367431641e+00 3.400000095367431641e+00
3.799999952316284180e+00 3.799999952316284180e+00
4.199999809265136719e+00 4.199999809265136719e+00
4.599999904632568359e+00 4.599999904632568359e+00
