-4.518593549728393555e-01 1.748782396316528320e-01 1.540754675865173340e+00
8.117380142211914062e-01 9.235432147979736328e-01 1.459738135337829590e+00
3.904248178005218506e-01 -7.472735643386840820e-02 1.547403216361999512e+00
-1.255908906459808350e-01 8.291686773300170898e-01 1.981969952583312988e+00
-2.617758512496948242e-01 -1.991921365261077881e-01 1.968975543975830078e+00
4.836851656436920166e-01 -9.208192825317382812e-01 1.414643049240112305e+00
-2.864069640636444092e-01 -8.492401242256164551e-01 1.853393793106079102e+00
-3.380074203014373779e-01 -7.514550685882568359e-01 1.449478983879089355e+00
-3.938566148281097412e-01 -7.019538432359695435e-02 1.047107219696044922e+00
9.151141643524169922e-01 7.787871360778808594e-01 1.332597732543945312e+00
6.662301719188690186e-02 9.505140781402587891e-01 1.087466716766357422e+00
7.970244884490966797e-01 -8.739131689071655273e-01 1.109374642372131348e+00
-6.361299753189086914e-01 6.407537460327148438e-01 1.925135970115661621e+00
-4.339156150817871094e-01 -9.894339442253112793e-01 1.513910293579101562e+00
-8.013339042663574219e-01 -9.839620590209960938e-01 1.883058905601501465e+00
7.136904597282409668e-01 6.044830679893493652e-01 1.371630311012268066e+00
1.811391264200210571e-01 -7.134426832199096680e-01 1.950213789939880371e+00
8.510191440582275391e-01 -7.381039112806320190e-02 1.804648280143737793e+00
2.326534688472747803e-01 -5.467544794082641602e-01 1.782195448875427246e+00
9.572289586067199707e-01 7.815002799034118652e-01 1.226580023765563965e+00
9.990668296813964844e-02 -7.259026169776916504e-01 1.434416651725769043e+00
-5.141924619674682617e-01 2.411823719739913940e-01 1.360908508300781250e+00
5.865514874458312988e-01 5.536551475524902344e-01 1.200891494750976562e+00
-9.800214767456054688e-01 2.134289145469665527e-01 1.729800462722778320e+00
-8.589572906494140625e-01 -8.260493874549865723e-01 1.051258087158203125e+00
-1.099223420023918152e-01 1.278260350227355957e-02 1.044137239456176758e+00
2.381519600749015808e-02 2.233573794364929199e-01 1.145639538764953613e+00
5.681416988372802734e-01 4.524967670440673828e-01 1.126725673675537109e+00
-9.308428168296813965e-01 -2.985967695713043213e-01 1.121485471725463867e+00
-6.507867574691772461e-01 -9.119953960180282593e-02 1.756126046180725098e+00
4.234820306301116943e-01 6.872653961181640625e-01 1.164653420448303223e+00
-6.268213987350463867e-01 3.845402300357818604e-01 1.605794668197631836e+00
-4.988113045692443848e-01 1.881354898214340210e-01 1.940289855003356934e+00
-3.562334179878234863e-01 -5.429119244217872620e-02 1.140471339225769043e+00
9.557542949914932251e-02 9.570794701576232910e-01 1.924769282341003418e+00
-5.588625073432922363e-01 3.083989769220352173e-02 1.427722692489624023e+00
-3.627064228057861328e-01 8.790543079376220703e-01 1.470910549163818359e+00
-8.114394545555114746e-01 -3.161310032010078430e-02 1.726699709892272949e+00
5.795463323593139648e-01 2.932074964046478271e-01 1.493380188941955566e+00
-4.889232292771339417e-02 -5.524567961692810059e-01 1.968521952629089355e+00
-4.158780276775360107e-01 -3.388756215572357178e-01 1.183718085289001465e+00
8.719338774681091309e-01 3.817020356655120850e-01 1.773925781250000000e+00
-9.006435275077819824e-01 8.529397845268249512e-01 1.874507069587707520e+00
-2.274905294179916382e-01 8.235544562339782715e-01 1.035191178321838379e+00
-4.818313717842102051e-01 -7.091188430786132812e-01 1.555210471153259277e+00
-2.709225118160247803e-01 5.301574468612670898e-01 1.782823801040649414e+00
5.285055637359619141e-01 8.654879331588745117e-01 1.599084496498107910e+00
2.566013038158416748e-01 9.741897881031036377e-02 1.665528178215026855e+00
8.745366334915161133e-01 9.365925192832946777e-01 1.757958650588989258e+00
-7.817631363868713379e-01 -5.513155460357666016e-01 1.887855529785156250e+00
8.105883598327636719e-01 4.804024696350097656e-01 1.201767921447753906e+00
-3.512749671936035156e-01 2.273662537336349487e-01 1.507313728332519531e+00
-7.777663469314575195e-01 -1.780567914247512817e-01 1.370389223098754883e+00
-8.979573100805282593e-02 7.804110050201416016e-01 1.116115927696228027e+00
-8.376118540763854980e-01 8.665487766265869141e-01 1.230045199394226074e+00
1.326676011085510254e-01 6.244509220123291016e-01 1.787147402763366699e+00
4.265234172344207764e-01 7.824850082397460938e-01 1.514394283294677734e+00
2.357414513826370239e-01 -7.284745573997497559e-01 1.804816246032714844e+00
-5.390300750732421875e-01 1.007335186004638672e-01 1.026160359382629395e+00
-9.933593273162841797e-01 -6.348695158958435059e-01 1.825512528419494629e+00
1.175681725144386292e-01 7.576935291290283203e-01 1.689108967781066895e+00
6.071408390998840332e-01 -8.388138413429260254e-01 1.306343913078308105e+00
-3.035993874073028564e-01 8.782392740249633789e-01 1.898336410522460938e+00
8.484347462654113770e-01 3.021756112575531006e-01 1.032180190086364746e+00
-2.762470543384552002e-01 -7.618982195854187012e-01 1.710800170898437500e+00
-9.748103022575378418e-01 -1.717800945043563843e-01 1.477998852729797363e+00
-5.734385251998901367e-01 -1.019383370876312256e-01 1.455008149147033691e+00
-2.444018870592117310e-01 -5.429030060768127441e-01 1.324854850769042969e+00
1.632722318172454834e-01 8.257935643196105957e-01 1.591658949851989746e+00
9.980535507202148438e-01 -9.336205124855041504e-01 1.352920651435852051e+00
6.695473194122314453e-01 9.623207449913024902e-01 1.814254283905029297e+00
3.029090762138366699e-01 6.089168190956115723e-01 1.954002976417541504e+00
-3.177960813045501709e-01 -2.070410400629043579e-01 1.894394516944885254e+00
-9.553718566894531250e-01 -8.755712509155273438e-01 1.819386720657348633e+00
-5.725679397583007812e-01 2.076860815286636353e-01 1.120345234870910645e+00
-3.873519897460937500e-01 3.357925117015838623e-01 1.788093328475952148e+00
5.020695924758911133e-01 6.591881159693002701e-03 1.084875464439392090e+00
-1.966756880283355713e-01 -9.809458255767822266e-01 1.097573518753051758e+00
5.046450495719909668e-01 -9.219118952751159668e-01 1.300295710563659668e+00
6.978449821472167969e-01 8.374563604593276978e-02 1.216017365455627441e+00
-7.381693720817565918e-01 -4.350576996803283691e-01 1.671667933464050293e+00
-9.585082530975341797e-01 5.308254361152648926e-01 1.296038866043090820e+00
-9.365609288215637207e-01 -2.766268551349639893e-01 1.275543808937072754e+00
2.236652821302413940e-01 4.661150276660919189e-01 1.957249402999877930e+00
8.723480626940727234e-03 -9.073827266693115234e-01 1.469170570373535156e+00
-7.355473637580871582e-01 -5.930591821670532227e-01 1.354594826698303223e+00
7.889182120561599731e-02 4.052796065807342529e-01 1.907348275184631348e+00
6.121596097946166992e-01 9.301264882087707520e-01 1.235341906547546387e+00
3.312608897686004639e-01 4.653598070144653320e-01 1.150149345397949219e+00
3.596629500389099121e-01 -2.146353572607040405e-01 1.235908389091491699e+00
-6.751795765012502670e-03 7.585085630416870117e-01 1.799228787422180176e+00
-5.492374897003173828e-01 -5.641045514494180679e-03 1.966642498970031738e+00
-2.097554802894592285e-01 -3.800711929798126221e-01 1.363824248313903809e+00
-3.020620942115783691e-01 1.140830591320991516e-01 1.315077900886535645e+00
-3.147618472576141357e-01 4.338317364454269409e-02 1.705744266510009766e+00
-1.889565736055374146e-01 5.698198676109313965e-01 1.843657016754150391e+00
-9.171302914619445801e-01 1.701246798038482666e-01 1.087264418601989746e+00
4.845641851425170898e-01 4.684190452098846436e-01 1.534599065780639648e+00
-6.022006869316101074e-01 1.234991177916526794e-01 1.704136371612548828e+00
1.833906956017017365e-02 -7.891115546226501465e-01 1.451274633407592773e+00
6.689331531524658203e-01 -6.865946650505065918e-01 1.550697207450866699e+00
6.280433386564254761e-02 4.682531356811523438e-01 1.041547656059265137e+00
-1.478655785322189331e-01 -6.257625669240951538e-02 1.473837614059448242e+00
2.984414696693420410e-01 -4.946976304054260254e-01 1.844105243682861328e+00
-5.110903382301330566e-01 -3.618663847446441650e-01 1.031441211700439453e+00
-2.271724641323089600e-01 6.750186681747436523e-01 1.704470038414001465e+00
8.499903082847595215e-01 -8.311203122138977051e-01 1.998572945594787598e+00
8.838313221931457520e-01 6.235055327415466309e-01 1.334474682807922363e+00
-6.635900735855102539e-01 1.971205323934555054e-01 1.046520233154296875e+00
5.655231326818466187e-02 -8.558955788612365723e-01 1.119389057159423828e+00
-8.786392211914062500e-01 -6.387439370155334473e-02 1.756758928298950195e+00
7.900093197822570801e-01 -1.412695273756980896e-02 1.593155980110168457e+00
-1.371425241231918335e-01 5.719860196113586426e-01 1.990622758865356445e+00
-8.554335236549377441e-01 -8.948451280593872070e-01 1.457491159439086914e+00
5.163155794143676758e-01 6.552002429962158203e-01 1.998130440711975098e+00
-3.519457876682281494e-01 2.854547798633575439e-01 1.548709511756896973e+00
-6.713096499443054199e-01 -4.999252259731292725e-01 1.063916921615600586e+00
-2.067262083292007446e-01 -5.822775363922119141e-01 1.781482577323913574e+00
3.470929861068725586e-01 -9.101933836936950684e-01 1.018004655838012695e+00
1.967858374118804932e-01 -7.455795407295227051e-01 1.986339330673217773e+00
4.302917420864105225e-01 -5.242071151733398438e-01 1.413338541984558105e+00
-1.806173175573348999e-01 -5.712240934371948242e-01 1.263258576393127441e+00
-2.953988313674926758e-01 -4.312495589256286621e-01 1.435313582420349121e+00
-5.399076342582702637e-01 2.794614732265472412e-01 1.193466901779174805e+00
4.365040659904479980e-01 -5.186241492629051208e-02 1.771314740180969238e+00
-7.540634870529174805e-01 5.544880628585815430e-01 1.072450280189514160e+00
1.265001483261585236e-02 -9.129653573036193848e-01 1.356517672538757324e+00
5.059034824371337891e-01 -9.461221694946289062e-01 1.476755976676940918e+00
4.222722053527832031e-01 -5.568025112152099609e-01 1.517494678497314453e+00
5.160250663757324219e-01 -7.651000618934631348e-01 1.573573708534240723e+00
-7.632598876953125000e-01 5.426684617996215820e-01 1.964736819267272949e+00
2.746846079826354980e-01 -5.795755386352539062e-01 1.884119153022766113e+00
6.364193558692932129e-01 -7.483254075050354004e-01 1.011902570724487305e+00
-1.603025496006011963e-01 -2.315042912960052490e-01 1.868920564651489258e+00
2.711066305637359619e-01 -7.595382928848266602e-01 1.511913537979125977e+00
8.577936887741088867e-01 3.244473040103912354e-02 1.005269169807434082e+00
-1.552147716283798218e-01 4.975188076496124268e-01 1.252037167549133301e+00
-1.008448153734207153e-01 -8.292545676231384277e-01 1.654995322227478027e+00
9.533742666244506836e-01 7.121906876564025879e-01 1.911545991897583008e+00
2.211428433656692505e-01 -8.271877765655517578e-01 1.295670390129089355e+00
4.160979986190795898e-01 4.161053150892257690e-02 1.391788482666015625e+00
-7.836561799049377441e-01 -6.260044127702713013e-02 1.822217106819152832e+00
5.907455086708068848e-01 8.727656602859497070e-01 1.130511641502380371e+00
2.877762317657470703e-01 -8.870822191238403320e-01 1.971284985542297363e+00
1.778764277696609497e-02 7.451055049896240234e-01 1.426644802093505859e+00
-9.149376153945922852e-01 6.821945905685424805e-01 1.220766901969909668e+00
7.612493634223937988e-01 -9.149700999259948730e-01 1.360720992088317871e+00
7.789046317338943481e-02 -7.075945734977722168e-01 1.155295848846435547e+00
-3.118305802345275879e-01 4.865876138210296631e-01 1.397517323493957520e+00
8.768551349639892578e-01 6.992552876472473145e-01 1.539878368377685547e+00
2.996329069137573242e-01 -1.441921740770339966e-01 1.514824509620666504e+00
8.732277154922485352e-01 7.984869480133056641e-01 1.623027920722961426e+00
9.483413100242614746e-01 5.613533854484558105e-01 1.794607996940612793e+00
6.033479422330856323e-02 -9.186814725399017334e-02 1.303529739379882812e+00
-6.349505186080932617e-01 -4.797173738479614258e-01 1.934916853904724121e+00
-8.290905952453613281e-01 4.779914617538452148e-01 1.187579751014709473e+00
-3.326269388198852539e-01 -8.425838947296142578e-01 1.453100204467773438e+00
7.085446119308471680e-01 -5.157142281532287598e-01 1.572414040565490723e+00
1.061312779784202576e-01 -2.322420179843902588e-01 1.329163551330566406e+00
-8.996092081069946289e-01 -1.326067149639129639e-01 1.496215701103210449e+00
-8.995892405509948730e-01 8.275503516197204590e-01 1.124050736427307129e+00
-1.352279335260391235e-01 6.293620467185974121e-01 1.060224056243896484e+00
-2.586078345775604248e-01 6.942912936210632324e-01 1.858497977256774902e+00
2.905246615409851074e-01 8.695504069328308105e-01 1.766355633735656738e+00
-2.192390263080596924e-01 1.103876456618309021e-01 1.076716780662536621e+00
-8.588134050369262695e-01 2.233625650405883789e-01 1.021704316139221191e+00
-6.846584677696228027e-01 8.668157458305358887e-01 1.984016299247741699e+00
9.086356759071350098e-01 -8.362586051225662231e-02 1.780043363571166992e+00
-2.093555033206939697e-01 -7.692594528198242188e-01 1.542649984359741211e+00
-2.762329876422882080e-01 2.027394622564315796e-01 1.450588107109069824e+00
-1.859356015920639038e-01 -4.821524918079376221e-01 1.155422449111938477e+00
4.381877481937408447e-01 8.362385630607604980e-01 1.277058362960815430e+00
-1.502662003040313721e-01 -1.332773417234420776e-01 1.547242164611816406e+00
-9.896378517150878906e-01 6.140658855438232422e-01 1.837448477745056152e+00
9.087245464324951172e-01 -8.517020344734191895e-01 1.671852350234985352e+00
-7.418674230575561523e-01 -1.015252768993377686e-01 1.739379048347473145e+00
-7.719205021858215332e-01 4.033258259296417236e-01 1.691010355949401855e+00
7.947094440460205078e-01 3.311726748943328857e-01 1.980658411979675293e+00
6.307946443557739258e-01 -9.660853147506713867e-01 1.078633546829223633e+00
-2.576965689659118652e-01 8.730334043502807617e-01 1.443491578102111816e+00
4.148740470409393311e-01 6.409833431243896484e-01 1.740757584571838379e+00
6.410216093063354492e-01 7.176341414451599121e-01 1.118069410324096680e+00
5.632781386375427246e-01 7.062108516693115234e-01 1.277013421058654785e+00
9.430050253868103027e-01 -8.441172242164611816e-01 1.572080016136169434e+00
-1.544959992170333862e-01 -7.110196352005004883e-01 1.469850063323974609e+00
-5.829158425331115723e-01 5.695273280143737793e-01 1.952679395675659180e+00
-8.718298077583312988e-01 9.855935573577880859e-01 1.118612766265869141e+00
-1.027918979525566101e-01 -8.761913776397705078e-01 1.122918963432312012e+00
-8.216585516929626465e-01 8.654878735542297363e-01 1.047200918197631836e+00
-8.536122441291809082e-01 9.085655212402343750e-01 1.982479453086853027e+00
6.183926463127136230e-01 1.374338567256927490e-01 1.632344126701354980e+00
-1.321695595979690552e-01 -7.512116432189941406e-01 1.330334782600402832e+00
5.336084216833114624e-02 7.912195920944213867e-01 1.416153907775878906e+00
-7.157830595970153809e-01 7.435547113418579102e-01 1.912827491760253906e+00
-9.782133698463439941e-01 -8.843770623207092285e-01 1.188752293586730957e+00
-8.012165427207946777e-01 7.682260274887084961e-01 1.323383212089538574e+00
-8.631864190101623535e-01 1.075692698359489441e-01 1.527311086654663086e+00
6.685766577720642090e-01 -7.472262978553771973e-01 1.829115152359008789e+00
3.963242471218109131e-01 -7.845386266708374023e-01 1.845220208168029785e+00
-2.154485136270523071e-01 5.885699987411499023e-01 1.784937024116516113e+00
-7.341886758804321289e-01 4.975447058677673340e-01 1.993449568748474121e+00
9.240863919258117676e-01 9.058485031127929688e-01 1.238156914710998535e+00
-8.135251998901367188e-01 -1.342950612306594849e-01 1.835202336311340332e+00
9.962497353553771973e-01 3.602516949176788330e-01 1.447161674499511719e+00
9.057427048683166504e-01 -8.829977512359619141e-01 1.720025539398193359e+00
8.055152893066406250e-01 5.906228423118591309e-01 1.048644542694091797e+00
-2.139728814363479614e-01 -9.265026450157165527e-01 1.665629148483276367e+00
-5.429893136024475098e-01 5.593032836914062500e-01 1.361398220062255859e+00
-3.510988354682922363e-01 3.133402168750762939e-01 1.331364035606384277e+00
8.647981882095336914e-01 1.727211624383926392e-01 1.054172515869140625e+00
-5.248021483421325684e-01 -6.122227311134338379e-01 1.568850278854370117e+00
4.621801376342773438e-01 -1.743493378162384033e-01 1.014262199401855469e+00
-9.238175749778747559e-01 5.272876024246215820e-01 1.760484814643859863e+00
6.919783353805541992e-02 -2.579223513603210449e-01 1.506757497787475586e+00
-3.327768743038177490e-01 -9.469374269247055054e-02 1.118961334228515625e+00
3.789213597774505615e-01 -8.303695321083068848e-01 1.526803970336914062e+00
-2.889612019062042236e-01 4.684232473373413086e-01 1.199616193771362305e+00
3.644014000892639160e-01 8.521579504013061523e-01 1.924436330795288086e+00
9.737862348556518555e-01 5.962067246437072754e-01 1.667086839675903320e+00
3.819971680641174316e-01 1.986105293035507202e-01 1.369867682456970215e+00
5.488626956939697266e-01 -3.879134953022003174e-01 1.718801259994506836e+00
2.859005331993103027e-01 2.858784198760986328e-01 1.363440752029418945e+00
-2.980735003948211670e-01 7.817026972770690918e-01 1.876165628433227539e+00
2.963880300521850586e-01 -5.718280673027038574e-01 1.256322860717773438e+00
9.234874248504638672e-01 5.514954924583435059e-01 1.251600861549377441e+00
6.094611063599586487e-02 -5.230029821395874023e-01 1.003614425659179688e+00
-8.174048066139221191e-01 7.973266243934631348e-01 1.043016076087951660e+00
-8.255837559700012207e-01 -7.975158095359802246e-01 1.129634141921997070e+00
-4.518494606018066406e-01 -9.828956127166748047e-01 1.319749116897583008e+00
-8.201270699501037598e-01 5.593173503875732422e-01 1.045147180557250977e+00
9.999555349349975586e-01 -6.878347992897033691e-01 1.083928346633911133e+00
3.609695434570312500e-01 8.565064668655395508e-01 1.458270788192749023e+00
4.436383843421936035e-01 -1.221282109618186951e-01 1.822722554206848145e+00
1.206299513578414917e-01 -9.755351543426513672e-01 1.595369815826416016e+00
-1.945118308067321777e-01 -9.936680197715759277e-01 1.029766201972961426e+00
9.166901111602783203e-01 -2.503040730953216553e-01 1.366749286651611328e+00
-3.291589319705963135e-01 -7.546613216400146484e-01 1.453529596328735352e+00
-9.724938869476318359e-01 -3.518419563770294189e-01 1.436263918876647949e+00
3.765596449375152588e-02 -1.966661214828491211e-01 1.627529025077819824e+00
-2.157786190509796143e-01 -1.773615181446075439e-02 1.486639738082885742e+00
6.308800578117370605e-01 -7.622664421796798706e-02 1.818633317947387695e+00
-9.546836614608764648e-01 1.735888868570327759e-01 1.306506991386413574e+00
2.259235829114913940e-01 8.281370252370834351e-02 1.177556157112121582e+00
4.269711375236511230e-01 6.399884223937988281e-01 1.794657111167907715e+00
-1.133637037128210068e-02 2.980887889862060547e-01 1.137770652770996094e+00
8.095611929893493652e-01 6.190899759531021118e-02 1.606285929679870605e+00
2.194919437170028687e-01 2.107118815183639526e-02 1.049032092094421387e+00
-4.315092861652374268e-01 -3.128129243850708008e-01 1.119995713233947754e+00
7.398190498352050781e-01 -7.688793540000915527e-01 1.478531479835510254e+00
-1.123430952429771423e-01 6.483768820762634277e-01 1.238776803016662598e+00
-7.847784757614135742e-01 6.192591786384582520e-01 1.411174535751342773e+00
7.853672504425048828e-01 6.567585468292236328e-02 1.449356198310852051e+00
4.642401933670043945e-01 1.916387081146240234e-01 1.840914607048034668e+00
-2.263912111520767212e-01 -1.794362068176269531e-01 1.639102339744567871e+00
-2.803985178470611572e-01 2.111278772354125977e-01 1.593467950820922852e+00
7.347208857536315918e-01 9.898392558097839355e-01 1.635652661323547363e+00
8.747481107711791992e-01 -1.484991908073425293e-01 1.048678040504455566e+00
-7.756887674331665039e-01 -9.841707348823547363e-01 1.909744620323181152e+00
2.442529350519180298e-01 1.531586199998855591e-01 1.145528078079223633e+00
7.411115169525146484e-01 -4.008458256721496582e-01 1.625175714492797852e+00
7.021175026893615723e-01 -8.104809522628784180e-01 1.327151894569396973e+00
-2.926146984100341797e-01 2.680953145027160645e-01 1.380799412727355957e+00
1.490845233201980591e-01 9.653062224388122559e-01 1.105662107467651367e+00
-9.776378870010375977e-01 -1.056038588285446167e-01 1.858028531074523926e+00
-5.066341757774353027e-01 -4.061620831489562988e-01 1.651286363601684570e+00
-5.321346521377563477e-01 -3.059957027435302734e-01 1.844130635261535645e+00
1.596647650003433228e-01 -9.368079900741577148e-01 1.206914663314819336e+00
-1.686431616544723511e-01 -7.024505734443664551e-02 1.067938089370727539e+00
8.821371197700500488e-01 7.505221962928771973e-01 1.433055877685546875e+00
1.827868819236755371e-01 -9.984475970268249512e-01 1.172388672828674316e+00
3.468409180641174316e-01 -9.363468289375305176e-01 1.750366568565368652e+00
9.627475738525390625e-01 -6.921552419662475586e-01 1.310089588165283203e+00
2.507936768233776093e-02 8.940497040748596191e-01 1.883942365646362305e+00
3.503468334674835205e-01 -9.294958114624023438e-01 1.027027606964111328e+00
9.199456870555877686e-02 -8.152707815170288086e-01 1.657678484916687012e+00
-7.527088522911071777e-01 -5.680539011955261230e-01 1.679412007331848145e+00
-9.991111606359481812e-02 -7.422400712966918945e-01 1.436076283454895020e+00
-2.418144047260284424e-01 5.170778036117553711e-01 1.883865833282470703e+00
-3.500334024429321289e-01 9.732360839843750000e-01 1.778351664543151855e+00
4.854757487773895264e-01 -1.197253987193107605e-01 1.846790075302124023e+00
4.697861373424530029e-01 3.169024586677551270e-01 1.934709072113037109e+00
-9.353736639022827148e-01 5.831255912780761719e-01 1.660401582717895508e+00
2.985718846321105957e-02 -3.675534725189208984e-01 1.871901154518127441e+00
-5.419336557388305664e-01 -6.899812817573547363e-01 1.236963510513305664e+00
6.555367708206176758e-01 1.832315325736999512e-01 1.925046682357788086e+00
-9.862340688705444336e-01 6.868828535079956055e-01 1.816005825996398926e+00
9.983104467391967773e-01 -4.906830787658691406e-01 1.811112880706787109e+00
-2.082225829362869263e-01 -7.536596059799194336e-01 1.399411201477050781e+00
8.360583782196044922e-01 -4.503890573978424072e-01 1.248075604438781738e+00
8.887687921524047852e-01 -8.628249168395996094e-01 1.914283394813537598e+00
1.169538795948028564e-01 -6.147360801696777344e-01 1.459788680076599121e+00
6.091421246528625488e-01 -7.019436955451965332e-01 1.882311940193176270e+00
8.096894621849060059e-01 -6.683803200721740723e-01 1.332861304283142090e+00
9.212505072355270386e-02 9.836716055870056152e-01 1.286301612854003906e+00
2.805573940277099609e-01 9.075057506561279297e-01 1.366849780082702637e+00
2.290396392345428467e-01 -2.530092000961303711e-01 1.709708809852600098e+00
5.988692045211791992e-01 -8.902986049652099609e-01 1.026903033256530762e+00
3.494876623153686523e-01 8.293329477310180664e-01 1.614055991172790527e+00
6.420369148254394531e-01 8.614651560783386230e-01 1.888407230377197266e+00
-3.067114353179931641e-01 -9.179853796958923340e-01 1.383294582366943359e+00
-2.992984354496002197e-01 -1.465502083301544189e-01 1.541480183601379395e+00
-6.704357266426086426e-01 -8.423191308975219727e-02 1.965451359748840332e+00
-8.062920719385147095e-02 8.453317284584045410e-01 1.600373506546020508e+00
4.582292735576629639e-01 -1.084427535533905029e-01 1.182773947715759277e+00
3.500272035598754883e-01 -5.864619016647338867e-01 1.105525732040405273e+00
-4.133989661931991577e-02 9.082970619201660156e-01 1.055243849754333496e+00
4.984174072742462158e-01 4.872142076492309570e-01 1.896425485610961914e+00
8.552372455596923828e-01 4.100952148437500000e-01 1.422549128532409668e+00
-1.323357075452804565e-01 -5.827109217643737793e-01 1.219415783882141113e+00
3.805060386657714844e-01 4.310212731361389160e-01 1.280802488327026367e+00
7.148915529251098633e-01 -2.902041189372539520e-02 1.479598283767700195e+00
1.661473214626312256e-01 -2.671328783035278320e-01 1.237512469291687012e+00
6.929715275764465332e-01 -1.653080284595489502e-01 1.979163527488708496e+00
-9.027773737907409668e-01 5.033342838287353516e-01 1.387212038040161133e+00
-5.700480937957763672e-01 7.537190318107604980e-01 1.050520062446594238e+00
-2.537938356399536133e-01 -8.225767016410827637e-01 1.417018532752990723e+00
4.312508702278137207e-01 -2.544018328189849854e-01 1.801859855651855469e+00
-1.825672388076782227e-01 3.086371421813964844e-01 1.453156232833862305e+00
3.436027467250823975e-01 -8.021262288093566895e-02 1.871274113655090332e+00
3.154911100864410400e-01 -9.422737956047058105e-01 1.783651351928710938e+00
7.897281646728515625e-01 2.949622571468353271e-01 1.024801731109619141e+00
-7.248003482818603516e-01 9.821998476982116699e-01 1.257179021835327148e+00
7.512118220329284668e-01 9.449929594993591309e-01 1.041098952293395996e+00
7.500699758529663086e-01 -5.136278867721557617e-01 1.622184276580810547e+00
3.445813059806823730e-01 6.144067645072937012e-02 1.273604750633239746e+00
-7.799996733665466309e-01 -2.172233760356903076e-01 1.983341336250305176e+00
-5.881667733192443848e-01 -6.454136967658996582e-01 1.258616209030151367e+00
5.413532257080078125e-01 -9.548870325088500977e-01 1.704176783561706543e+00
2.045578807592391968e-01 5.967917442321777344e-01 1.198693394660949707e+00
4.727626740932464600e-01 9.462203383445739746e-01 1.655951499938964844e+00
-5.568473935127258301e-01 4.063296914100646973e-01 1.565001010894775391e+00
3.586611449718475342e-01 4.967864155769348145e-01 1.524935722351074219e+00
-2.962705790996551514e-01 4.777830243110656738e-01 1.164917469024658203e+00
-5.213021114468574524e-02 5.779688358306884766e-01 1.654961228370666504e+00
9.362896680831909180e-01 5.500167012214660645e-01 1.063487291336059570e+00
-8.923228383064270020e-01 2.055705636739730835e-01 1.472110390663146973e+00
9.388272762298583984e-01 -8.573054671287536621e-01 1.745643138885498047e+00
-2.178566902875900269e-01 -9.431469440460205078e-01 1.156786561012268066e+00
5.305438637733459473e-01 -2.986983358860015869e-01 1.892825841903686523e+00
-1.658001542091369629e-01 -9.048970341682434082e-01 1.778980255126953125e+00
9.222518652677536011e-02 2.443889155983924866e-02 1.420520305633544922e+00
2.835055813193321228e-02 5.585481226444244385e-02 1.369722247123718262e+00
7.670696973800659180e-01 9.196718335151672363e-01 1.795790195465087891e+00
6.959155797958374023e-01 1.238482818007469177e-01 1.280530452728271484e+00
-8.016343712806701660e-01 5.443140268325805664e-01 1.705225467681884766e+00
8.540599346160888672e-01 3.358582779765129089e-02 1.988787293434143066e+00
-9.072345495223999023e-01 1.349385827779769897e-01 1.468552350997924805e+00
4.088065922260284424e-01 -9.492571353912353516e-01 1.186702251434326172e+00
6.536415219306945801e-01 3.923527002334594727e-01 1.051837086677551270e+00
2.043374031782150269e-01 3.480680286884307861e-02 1.381748676300048828e+00
-7.805274426937103271e-02 4.604082107543945312e-01 1.502725481986999512e+00
-1.616131961345672607e-01 1.927757412195205688e-01 1.314743876457214355e+00
-5.107194781303405762e-01 -8.812563419342041016e-01 1.250095963478088379e+00
2.632457949221134186e-02 -8.711609244346618652e-01 1.636238455772399902e+00
2.376218289136886597e-01 -4.141608476638793945e-01 1.139099836349487305e+00
-5.685371160507202148e-01 5.965965986251831055e-01 1.481374502182006836e+00
3.966339528560638428e-01 5.941528081893920898e-01 1.732658505439758301e+00
2.511561810970306396e-01 3.040774352848529816e-02 1.747290492057800293e+00
-2.462846934795379639e-01 3.389142751693725586e-01 1.240571022033691406e+00
5.847946405410766602e-01 8.964585065841674805e-01 1.045515537261962891e+00
1.681936234235763550e-01 9.835988879203796387e-01 1.141551136970520020e+00
9.457902908325195312e-01 2.065661698579788208e-01 1.905288338661193848e+00
9.313644766807556152e-01 9.207585453987121582e-01 1.861490488052368164e+00
9.631173610687255859e-01 4.365488886833190918e-01 1.913631200790405273e+00
5.276957750320434570e-01 7.736772298812866211e-01 1.748385071754455566e+00
4.180290699005126953e-01 7.532830536365509033e-02 1.056230902671813965e+00
-4.053911566734313965e-01 3.543833792209625244e-01 1.541640639305114746e+00
-2.648389339447021484e-01 -6.881393790245056152e-01 1.672260165214538574e+00
-5.614444147795438766e-03 -8.112137317657470703e-01 1.837493181228637695e+00
-1.780299842357635498e-02 -9.756630659103393555e-01 1.649383187294006348e+00
-9.260580539703369141e-01 5.044384002685546875e-01 1.985267400741577148e+00
5.812366604804992676e-01 4.622683525085449219e-01 1.896107077598571777e+00
-7.745233774185180664e-01 5.521809458732604980e-01 1.959002494812011719e+00
1.795488744974136353e-01 3.626306951045989990e-01 1.761799097061157227e+00
2.707167267799377441e-01 -3.433303236961364746e-01 1.099076032638549805e+00
5.006822943687438965e-01 8.265106081962585449e-01 1.095105290412902832e+00
5.429418683052062988e-01 -9.406424760818481445e-01 1.037955164909362793e+00
-4.585193693637847900e-01 -3.817799389362335205e-01 1.594859957695007324e+00
-9.390403628349304199e-01 -4.076748192310333252e-01 1.457825422286987305e+00
1.432871371507644653e-01 7.368513941764831543e-01 1.210148453712463379e+00
3.217359781265258789e-01 4.013215750455856323e-02 1.685946345329284668e+00
9.281203150749206543e-01 6.821023821830749512e-01 1.674894809722900391e+00
4.945541322231292725e-01 -8.785399608314037323e-03 1.142130494117736816e+00
-2.771097719669342041e-01 1.779076606035232544e-01 1.044728279113769531e+00
5.559043288230895996e-01 -4.111509025096893311e-01 1.703343987464904785e+00
3.258795142173767090e-01 6.323689818382263184e-01 1.958104372024536133e+00
-9.052716195583343506e-03 -4.569952189922332764e-01 1.550310850143432617e+00
-6.286286115646362305e-01 1.682169437408447266e-01 1.528505086898803711e+00
-9.710211753845214844e-01 8.935028314590454102e-01 1.683012247085571289e+00
7.624088525772094727e-01 -4.347757697105407715e-01 1.439431548118591309e+00
-8.834953904151916504e-01 -6.152722239494323730e-01 1.224598646163940430e+00
5.050628781318664551e-01 -3.320403099060058594e-01 1.248877286911010742e+00
4.963068068027496338e-01 1.484820395708084106e-01 1.830556869506835938e+00
-6.407282948493957520e-01 -2.401776760816574097e-01 1.795680284500122070e+00
2.847882807254791260e-01 -6.845018863677978516e-01 1.951746106147766113e+00
7.572594881057739258e-01 8.651022911071777344e-01 1.257905006408691406e+00
-7.952384352684020996e-01 -4.346007853746414185e-02 1.601467251777648926e+00
-6.725800037384033203e-01 2.607901394367218018e-01 1.055102944374084473e+00
-5.993548408150672913e-02 2.409754693508148193e-01 1.399050235748291016e+00
9.292449951171875000e-01 -6.289178133010864258e-01 1.764479398727416992e+00
-2.598122358322143555e-01 -7.202127575874328613e-01 1.522127151489257812e+00
-5.238668918609619141e-01 -4.909048229455947876e-02 1.278835654258728027e+00
2.673591077327728271e-01 1.960369944572448730e-01 1.329036355018615723e+00
1.641764044761657715e-01 7.968316078186035156e-01 1.955423235893249512e+00
8.060109019279479980e-01 -9.783650636672973633e-01 1.609520077705383301e+00
6.731086373329162598e-01 5.657522082328796387e-01 1.763980865478515625e+00
-3.997603356838226318e-01 -5.285045504570007324e-01 1.999523043632507324e+00
-6.630501896142959595e-02 -9.446240663528442383e-01 1.854243516921997070e+00
4.457270205020904541e-01 4.266209304332733154e-01 1.133557081222534180e+00
5.248158574104309082e-01 3.947971761226654053e-01 1.333793640136718750e+00
9.637127518653869629e-01 3.523969650268554688e-01 1.700512528419494629e+00
2.547027170658111572e-01 7.295117974281311035e-01 1.822546243667602539e+00
4.043377935886383057e-01 7.069846987724304199e-01 1.076304316520690918e+00
-6.839407682418823242e-01 4.807515144348144531e-01 1.867349863052368164e+00
3.282499313354492188e-01 -1.256602108478546143e-01 1.505331277847290039e+00
-7.868810892105102539e-01 3.335992693901062012e-01 1.036664843559265137e+00
5.033223628997802734e-01 9.809688925743103027e-01 1.533991694450378418e+00
5.680707693099975586e-01 6.044412031769752502e-02 1.339231848716735840e+00
6.580297946929931641e-01 5.800023674964904785e-01 1.220669507980346680e+00
-9.790675044059753418e-01 6.613138318061828613e-01 1.030841231346130371e+00
-6.337573528289794922e-01 7.818235158920288086e-01 1.480533003807067871e+00
-2.107886672019958496e-01 4.118644818663597107e-02 1.289184570312500000e+00
-3.062280714511871338e-01 -2.576094567775726318e-01 1.208646416664123535e+00
-4.047851860523223877e-01 8.750837445259094238e-01 1.188335895538330078e+00
4.092224836349487305e-01 2.831097841262817383e-01 1.765392184257507324e+00
-1.926319152116775513e-01 9.374247789382934570e-01 1.822359561920166016e+00
2.581337392330169678e-01 3.774295449256896973e-01 1.223753571510314941e+00
-1.451627817004919052e-02 2.294937670230865479e-01 1.883136391639709473e+00
-5.055930018424987793e-01 1.148113701492547989e-02 1.953979372978210449e+00
-1.253401786088943481e-01 6.195582151412963867e-01 1.952676415443420410e+00
8.849009126424789429e-02 -1.218753978610038757e-01 1.658505916595458984e+00
3.866105377674102783e-01 3.213813006877899170e-01 1.827470421791076660e+00
-7.703909873962402344e-01 -4.032294079661369324e-02 1.635363578796386719e+00
-1.058895420283079147e-02 5.514655113220214844e-01 1.344996094703674316e+00
4.239442348480224609e-01 3.342106044292449951e-01 1.623856306076049805e+00
-9.323494136333465576e-02 -8.118115663528442383e-01 1.064116239547729492e+00
-9.158128499984741211e-01 7.409418821334838867e-01 1.119940519332885742e+00
9.616428613662719727e-02 -8.973877429962158203e-01 1.286216259002685547e+00
8.653957396745681763e-02 4.754864796996116638e-02 1.103906393051147461e+00
-4.504204541444778442e-02 -3.955969810485839844e-01 1.957548618316650391e+00
4.972464442253112793e-01 2.392842471599578857e-01 1.028793573379516602e+00
5.605422258377075195e-01 -8.641630411148071289e-01 1.021058559417724609e+00
9.350050091743469238e-01 -2.283072471618652344e-01 1.019171595573425293e+00
-4.643677175045013428e-01 -2.950026690959930420e-01 1.484240651130676270e+00
9.230343699455261230e-01 -8.287027478218078613e-01 1.136840701103210449e+00
4.710933268070220947e-01 9.114128351211547852e-01 1.425238490104675293e+00
-9.176652431488037109e-01 -6.101257205009460449e-01 1.408637881278991699e+00
-8.291521668434143066e-01 8.365066647529602051e-01 1.099986195564270020e+00
4.414389431476593018e-01 -7.230784296989440918e-01 1.973458647727966309e+00
9.816415905952453613e-01 -1.013003755360841751e-02 1.356864213943481445e+00
-4.117711447179317474e-03 -5.186656713485717773e-01 1.098070502281188965e+00
7.284105420112609863e-01 -7.329592704772949219e-01 1.470892786979675293e+00
4.072052538394927979e-01 6.996462345123291016e-01 1.107129335403442383e+00
-6.618638038635253906e-01 9.592209458351135254e-01 1.926333308219909668e+00
-4.723897576332092285e-01 1.433813422918319702e-01 1.160514712333679199e+00
7.496235519647598267e-02 -5.382140278816223145e-01 1.394737124443054199e+00
6.428182721138000488e-01 3.771586418151855469e-01 1.744753837585449219e+00
1.840242296457290649e-01 8.799045085906982422e-01 1.355653882026672363e+00
4.941132664680480957e-01 7.992578148841857910e-01 1.194652676582336426e+00
-5.322615504264831543e-01 3.672771751880645752e-01 1.310662031173706055e+00
-3.784919381141662598e-01 -1.025636866688728333e-01 1.261631250381469727e+00
3.317964971065521240e-01 3.994744718074798584e-01 1.060033440589904785e+00
-8.232098072767257690e-02 3.396809101104736328e-01 1.947659730911254883e+00
3.295524120330810547e-01 3.822514712810516357e-01 1.897733807563781738e+00
-8.012539148330688477e-02 -6.781604886054992676e-01 1.544701814651489258e+00
-4.414327144622802734e-01 -7.087799906730651855e-01 1.077743649482727051e+00
-2.447912842035293579e-01 -3.101622872054576874e-02 1.091427445411682129e+00
-8.632090091705322266e-01 7.328246235847473145e-01 1.396668314933776855e+00
4.559066891670227051e-01 4.512361884117126465e-01 1.579504251480102539e+00
-9.372977614402770996e-01 6.318846940994262695e-01 1.998681068420410156e+00
6.204376816749572754e-01 -8.801385760307312012e-01 1.024498105049133301e+00
6.119979619979858398e-01 6.097809672355651855e-01 1.454072237014770508e+00
6.993812322616577148e-02 -6.094760298728942871e-01 1.540399074554443359e+00
-5.817943215370178223e-01 8.171204477548599243e-02 1.097709178924560547e+00
-9.670593142509460449e-01 6.180675625801086426e-01 1.416783928871154785e+00
9.301390051841735840e-01 8.209896683692932129e-01 1.484835147857666016e+00
-2.852049767971038818e-01 8.779783248901367188e-01 1.753961920738220215e+00
4.239622950553894043e-01 -7.920901775360107422e-01 1.465781807899475098e+00
6.158401966094970703e-01 2.860283851623535156e-01 1.840116500854492188e+00
-2.244181036949157715e-01 -8.315515518188476562e-01 1.775848627090454102e+00
-7.084026932716369629e-01 -1.974942386150360107e-01 1.297052621841430664e+00
-2.015432268381118774e-01 -1.445781532675027847e-02 1.550010442733764648e+00
-4.113032519817352295e-01 6.446723341941833496e-01 1.234904050827026367e+00
-8.702433109283447266e-01 -5.232613086700439453e-01 1.813015222549438477e+00
-9.155839085578918457e-01 3.785521090030670166e-01 1.663915157318115234e+00
1.280598342418670654e-01 9.465965032577514648e-01 1.663252353668212891e+00
-7.149981260299682617e-01 4.328536689281463623e-01 1.151644706726074219e+00
9.764140844345092773e-01 -2.326901070773601532e-02 1.603551506996154785e+00
2.821083762682974339e-04 1.724145561456680298e-01 1.890767455101013184e+00
-5.794664025306701660e-01 -2.110490947961807251e-02 1.704463005065917969e+00
-7.670196294784545898e-01 8.392758369445800781e-01 1.675776362419128418e+00
-7.695091366767883301e-01 8.278021812438964844e-01 1.086876988410949707e+00
-4.047131836414337158e-01 -6.773563623428344727e-01 1.761692047119140625e+00
-1.841858476400375366e-01 8.229330778121948242e-01 1.542965888977050781e+00
-7.152546942234039307e-02 4.184816181659698486e-01 1.695315122604370117e+00
-9.361802339553833008e-01 -1.040348336100578308e-01 1.079919457435607910e+00
-5.698525309562683105e-01 -5.075390338897705078e-01 1.236236691474914551e+00
-2.158548682928085327e-01 -3.281454145908355713e-01 1.262961030006408691e+00
-5.007417201995849609e-01 8.207789063453674316e-02 1.702965259552001953e+00
7.352716922760009766e-01 -4.916677474975585938e-01 1.586458563804626465e+00
1.716299057006835938e-01 6.917985081672668457e-01 1.036989688873291016e+00
-9.898584485054016113e-01 3.601836562156677246e-01 1.739004731178283691e+00
4.965148866176605225e-01 7.267489433288574219e-01 1.637856602668762207e+00
-7.156885415315628052e-02 9.455100297927856445e-01 1.715166211128234863e+00
9.817936271429061890e-02 8.409500718116760254e-01 1.414494037628173828e+00
1.727413237094879150e-01 6.452516913414001465e-01 1.818859457969665527e+00
8.928979933261871338e-02 -5.225259661674499512e-01 1.366793990135192871e+00
9.111284278333187103e-03 1.613286882638931274e-01 1.897292494773864746e+00
8.670284152030944824e-01 7.247546315193176270e-01 1.467215538024902344e+00
5.278422236442565918e-01 -6.150465011596679688e-01 1.727023959159851074e+00
4.514625370502471924e-01 8.779450654983520508e-01 1.280879855155944824e+00
-3.943893611431121826e-01 -9.094601869583129883e-01 1.572483658790588379e+00
8.813034892082214355e-01 -3.347929194569587708e-02 1.035883665084838867e+00
-6.410054564476013184e-01 1.529101431369781494e-01 1.170421242713928223e+00
3.553782403469085693e-01 -6.231398582458496094e-01 1.140595912933349609e+00
-3.583754599094390869e-01 -1.641529202461242676e-01 1.020011186599731445e+00
-7.804763913154602051e-01 -7.640239596366882324e-01 1.114373803138732910e+00
5.969801545143127441e-01 -8.085805773735046387e-01 1.027132987976074219e+00
-2.158143222332000732e-01 7.578869815915822983e-03 1.740908861160278320e+00
4.712241888046264648e-01 -2.613384723663330078e-01 1.552725076675415039e+00
1.538700163364410400e-01 -3.668746948242187500e-01 1.923402070999145508e+00
4.101280570030212402e-01 6.170690059661865234e-01 1.429734945297241211e+00
-3.626088201999664307e-01 6.960722804069519043e-01 1.187690138816833496e+00
2.346084862947463989e-01 4.435033500194549561e-01 1.862337112426757812e+00
5.408831685781478882e-02 -5.176847577095031738e-01 1.278653860092163086e+00
2.523154318332672119e-01 -5.487943291664123535e-01 1.516701579093933105e+00
-8.111650347709655762e-01 6.483548879623413086e-02 1.577715516090393066e+00
-4.140416979789733887e-01 -5.756217241287231445e-02 1.907178640365600586e+00
-7.272955775260925293e-02 -1.360712647438049316e-01 1.651571750640869141e+00
-1.663756072521209717e-01 -7.909566760063171387e-01 1.118511080741882324e+00
-7.688327133655548096e-02 7.488132119178771973e-01 1.656739950180053711e+00
4.371681511402130127e-01 -3.601074516773223877e-01 1.367364048957824707e+00
2.221880257129669189e-01 6.425676494836807251e-02 1.368876457214355469e+00
5.283816717565059662e-03 5.142324566841125488e-01 1.169497370719909668e+00
-5.141413211822509766e-01 5.721292495727539062e-01 1.593615055084228516e+00
-7.138876914978027344e-01 3.541394472122192383e-01 1.357333779335021973e+00
-5.050444602966308594e-01 -6.394721269607543945e-01 1.725999474525451660e+00
7.951958179473876953e-01 5.142266750335693359e-01 1.692160844802856445e+00
-2.512649893760681152e-01 7.054433226585388184e-01 1.353148102760314941e+00
-2.703124582767486572e-01 -3.323552012443542480e-01 1.782036423683166504e+00
8.464908599853515625e-01 2.465774565935134888e-01 1.399954319000244141e+00
5.847581624984741211e-01 1.337179839611053467e-01 1.787558436393737793e+00
4.000057652592658997e-02 -1.371591389179229736e-01 1.276375055313110352e+00
-5.309370756149291992e-01 8.343024849891662598e-01 1.450549960136413574e+00
1.543021108955144882e-02 -8.211463093757629395e-01 1.438777804374694824e+00
-1.136064976453781128e-01 -1.695853471755981445e-01 1.183565735816955566e+00
-2.413221746683120728e-01 3.198426663875579834e-01 1.384145498275756836e+00
-4.320361912250518799e-01 5.381814837455749512e-01 1.819732904434204102e+00
-2.663375735282897949e-01 -1.882975697517395020e-01 1.277522444725036621e+00
3.097262978553771973e-01 4.740496724843978882e-02 1.542210102081298828e+00
7.289756536483764648e-01 -1.588727682828903198e-01 1.608398675918579102e+00
-3.041860759258270264e-01 -2.028031200170516968e-01 1.030531167984008789e+00
6.966640353202819824e-01 -6.884879618883132935e-02 1.684883713722229004e+00
7.083575725555419922e-01 4.070590734481811523e-01 1.907943010330200195e+00
7.079827189445495605e-01 3.472616970539093018e-01 1.625230669975280762e+00
-1.229396909475326538e-01 -1.511891633272171021e-01 1.720859885215759277e+00
-7.335101962089538574e-01 5.619028210639953613e-01 1.279895901679992676e+00
-3.743832111358642578e-01 3.842989206314086914e-01 1.390631437301635742e+00
3.173980414867401123e-01 4.187455177307128906e-01 1.214834332466125488e+00
7.940676212310791016e-01 -9.445273280143737793e-01 1.951515197753906250e+00
7.384914755821228027e-01 9.217702746391296387e-01 1.274734139442443848e+00
8.056489229202270508e-01 -2.960565090179443359e-01 1.420213341712951660e+00
-4.149329662322998047e-01 -7.906600832939147949e-01 1.105615615844726562e+00
-1.134104356169700623e-01 -8.336689472198486328e-01 1.465361833572387695e+00
-4.511623382568359375e-01 4.871675968170166016e-01 1.397510051727294922e+00
-5.964193940162658691e-01 1.414003223180770874e-01 1.684375762939453125e+00
-1.256298422813415527e-01 -4.987807273864746094e-01 1.073270916938781738e+00
-9.212695956230163574e-01 2.950851023197174072e-01 1.415081262588500977e+00
8.790625929832458496e-01 -6.919214129447937012e-01 1.528050422668457031e+00
-3.481844961643218994e-01 3.153827786445617676e-01 1.166277527809143066e+00
5.775908827781677246e-01 2.882196903228759766e-01 1.660333395004272461e+00
-7.573987841606140137e-01 4.591730535030364990e-01 1.641053438186645508e+00
2.863938212394714355e-01 -1.889469474554061890e-01 1.440000057220458984e+00
-4.292859435081481934e-01 1.996282041072845459e-01 1.536254644393920898e+00
-7.448360323905944824e-01 -2.176372706890106201e-01 1.257673263549804688e+00
1.503827888518571854e-02 5.210311412811279297e-01 1.558484554290771484e+00
1.335285156965255737e-01 -2.530592381954193115e-01 1.184191465377807617e+00
7.053437232971191406e-01 -8.413614630699157715e-01 1.519608139991760254e+00
-4.706851840019226074e-01 -9.584386348724365234e-01 1.446665883064270020e+00
1.910693794488906860e-01 2.872975170612335205e-01 1.721682548522949219e+00
1.760020405054092407e-01 -7.932134866714477539e-01 1.071075797080993652e+00
2.892180383205413818e-01 7.616796493530273438e-01 1.761989116668701172e+00
5.546285510063171387e-01 5.262910723686218262e-01 1.439214706420898438e+00
-3.342479467391967773e-01 8.573735952377319336e-01 1.173421978950500488e+00
-4.443299472332000732e-01 5.010608434677124023e-01 1.914110064506530762e+00
6.922522783279418945e-01 4.422053694725036621e-02 1.144562005996704102e+00
-2.514720559120178223e-01 -2.692114114761352539e-01 1.172545433044433594e+00
-2.046090811491012573e-01 6.333108991384506226e-02 1.758626222610473633e+00
4.949408173561096191e-01 -8.902447223663330078e-01 1.181348562240600586e+00
-4.977980554103851318e-01 2.469817399978637695e-01 1.463035225868225098e+00
6.536127328872680664e-01 5.546362400054931641e-01 1.116662859916687012e+00
9.745177626609802246e-01 -7.000265121459960938e-01 1.684137225151062012e+00
1.477090865373611450e-01 2.396513670682907104e-01 1.969088196754455566e+00
-8.235330581665039062e-01 3.528992533683776855e-01 1.877820611000061035e+00
2.056198269128799438e-01 7.473029494285583496e-01 1.134588599205017090e+00
5.254731178283691406e-01 7.654253244400024414e-01 1.740130066871643066e+00
-9.070177078247070312e-01 7.438681721687316895e-01 1.259265422821044922e+00
3.908394277095794678e-01 9.288916587829589844e-01 1.566989898681640625e+00
-3.486865386366844177e-02 -7.504327297210693359e-01 1.798974990844726562e+00
-5.246571898460388184e-01 9.008622765541076660e-01 1.763769626617431641e+00
-4.009757041931152344e-01 -4.953920543193817139e-01 1.751410126686096191e+00
9.775180816650390625e-01 -8.984311223030090332e-01 1.569363951683044434e+00
8.727935552597045898e-01 -5.946211218833923340e-01 1.413416862487792969e+00
5.013504028320312500e-01 9.719435572624206543e-01 1.121994495391845703e+00
-4.673616886138916016e-01 -2.756690382957458496e-01 1.670307636260986328e+00
-3.943725526332855225e-01 -8.493020534515380859e-01 1.891984820365905762e+00
8.839683234691619873e-02 -3.020059764385223389e-01 1.612758636474609375e+00
-8.572146296501159668e-02 -2.630205750465393066e-01 1.217854499816894531e+00
-9.650587439537048340e-01 -5.158350467681884766e-01 1.342125654220581055e+00
8.967036604881286621e-01 -5.960602164268493652e-01 1.574383974075317383e+00
7.589707970619201660e-01 5.276955962181091309e-01 1.823922038078308105e+00
-4.211290776729583740e-01 -7.164376229047775269e-02 1.283614754676818848e+00
-9.961919188499450684e-01 2.030682861804962158e-01 1.004610419273376465e+00
-1.185139268636703491e-01 -7.958071827888488770e-01 1.551471948623657227e+00
7.625612616539001465e-01 -2.861059308052062988e-01 1.057255148887634277e+00
-5.159580707550048828e-01 -5.841297507286071777e-01 1.013880133628845215e+00
9.868751764297485352e-01 -9.547505974769592285e-01 1.271063685417175293e+00
-2.002290189266204834e-01 7.762461304664611816e-01 1.837544918060302734e+00
5.925191640853881836e-01 -4.067678451538085938e-01 1.468131065368652344e+00
-9.621443152427673340e-01 -7.893526554107666016e-01 1.913281917572021484e+00
9.934190511703491211e-01 -9.601760506629943848e-01 1.903157591819763184e+00
7.700000405311584473e-01 -3.765861988067626953e-01 1.765808939933776855e+00
-9.665598869323730469e-01 2.323302924633026123e-01 1.879500269889831543e+00
1.492549851536750793e-02 -8.450972437858581543e-01 1.585808634757995605e+00
6.760467290878295898e-01 -9.983334541320800781e-01 1.064249753952026367e+00
-8.341605067253112793e-01 -5.247151255607604980e-01 1.760995626449584961e+00
-3.310675621032714844e-01 4.708997309207916260e-01 1.988327264785766602e+00
5.019885301589965820e-01 -7.497864365577697754e-01 1.576650142669677734e+00
6.136103272438049316e-01 2.803275585174560547e-01 1.022711515426635742e+00
4.341668486595153809e-01 4.781604111194610596e-01 1.397050261497497559e+00
4.595427587628364563e-02 4.551931098103523254e-02 1.292320132255554199e+00
4.100657403469085693e-01 -3.921249508857727051e-01 1.792466044425964355e+00
-2.049603126943111420e-02 4.362948238849639893e-01 1.353884339332580566e+00
1.353619098663330078e-01 1.417121142148971558e-01 1.297540903091430664e+00
-3.762023150920867920e-01 -2.455060929059982300e-01 1.868084669113159180e+00
2.831663787364959717e-01 5.217472836375236511e-02 1.972275853157043457e+00
4.708498120307922363e-01 -5.692069530487060547e-01 1.049629569053649902e+00
2.715635299682617188e-02 -6.411799192428588867e-01 1.773350358009338379e+00
-4.132897555828094482e-01 4.775281548500061035e-01 1.007817387580871582e+00
7.590116262435913086e-01 -2.096060514450073242e-01 1.158708453178405762e+00
9.354535937309265137e-01 9.317451119422912598e-01 1.586039304733276367e+00
9.347324967384338379e-01 -3.806111812591552734e-01 1.960376977920532227e+00
7.030187845230102539e-01 4.387180507183074951e-01 1.378870487213134766e+00
6.688747406005859375e-01 -7.834438234567642212e-02 1.628137707710266113e+00
2.930245101451873779e-01 -4.474664926528930664e-01 1.922728300094604492e+00
-9.691315889358520508e-01 -1.393963247537612915e-01 1.619383692741394043e+00
6.658368110656738281e-01 5.897825956344604492e-01 1.809005022048950195e+00
-1.309102326631546021e-01 -6.315593123435974121e-01 1.278270244598388672e+00
4.904064238071441650e-01 -9.937750697135925293e-01 1.611227035522460938e+00
-3.755941987037658691e-01 3.760398924350738525e-01 1.690799355506896973e+00
-8.615607023239135742e-01 3.929830789566040039e-01 1.019872903823852539e+00
-9.781897664070129395e-01 6.918544415384531021e-03 1.043039679527282715e+00
-6.950685381889343262e-01 -9.174568206071853638e-02 1.675347924232482910e+00
8.792810440063476562e-01 -7.969781160354614258e-01 1.159190893173217773e+00
7.724855542182922363e-01 8.980249166488647461e-01 1.632242202758789062e+00
-6.800437569618225098e-01 8.925724029541015625e-02 1.507200717926025391e+00
-1.085199564695358276e-01 -4.066407680511474609e-01 1.692999839782714844e+00
-3.730086982250213623e-01 -4.216740727424621582e-01 1.775287389755249023e+00
5.717762559652328491e-02 9.083080887794494629e-01 1.548711061477661133e+00
-6.389420032501220703e-01 -7.562878727912902832e-01 1.526807427406311035e+00
5.906956791877746582e-01 -2.529984414577484131e-01 1.556774854660034180e+00
8.433939218521118164e-01 8.293240070343017578e-01 1.707853674888610840e+00
1.618243604898452759e-01 1.406559646129608154e-01 1.383130788803100586e+00
3.750287890434265137e-01 7.427045702934265137e-01 1.326795458793640137e+00
8.830642700195312500e-01 -1.194585263729095459e-01 1.719735383987426758e+00
-8.898061513900756836e-01 7.859432138502597809e-03 1.253372192382812500e+00
7.668320536613464355e-01 -5.035519599914550781e-01 1.950681328773498535e+00
6.465602517127990723e-01 3.290101289749145508e-01 1.243181586265563965e+00
1.215212419629096985e-02 -8.103302121162414551e-02 1.343179225921630859e+00
5.478753894567489624e-02 -2.425315678119659424e-01 1.318408012390136719e+00
-7.934334874153137207e-01 -8.620796203613281250e-01 1.958526968955993652e+00
-9.968757033348083496e-01 9.362275153398513794e-02 1.004928350448608398e+00
4.053761661052703857e-01 -8.503167629241943359e-01 1.654764175415039062e+00
4.551063776016235352e-01 -7.792159318923950195e-01 1.507695674896240234e+00
5.983878970146179199e-01 -4.321735799312591553e-01 1.944197893142700195e+00
-5.671664476394653320e-01 7.802939414978027344e-01 1.209314823150634766e+00
-3.575203120708465576e-01 1.341718584299087524e-01 1.998221755027770996e+00
-8.793678283691406250e-01 5.766766071319580078e-01 1.300399541854858398e+00
-5.444256663322448730e-01 -2.524557411670684814e-01 1.197325229644775391e+00
-2.691889405250549316e-01 -9.275973439216613770e-01 1.434690594673156738e+00
-7.488877773284912109e-01 -9.087104201316833496e-01 1.509995579719543457e+00
-6.011142730712890625e-01 -3.223812878131866455e-01 1.977664589881896973e+00
3.499107658863067627e-01 -1.884154416620731354e-02 1.870084047317504883e+00
5.732020139694213867e-01 2.832235693931579590e-01 1.255779862403869629e+00
-3.351055383682250977e-01 2.029371261596679688e-01 1.093487739562988281e+00
6.456045508384704590e-01 2.805982716381549835e-02 1.676488399505615234e+00
-4.932641983032226562e-01 -9.352686405181884766e-01 1.732669830322265625e+00
2.337899208068847656e-01 -1.830438673496246338e-01 1.279243826866149902e+00
5.037536621093750000e-01 9.902042150497436523e-01 1.378199100494384766e+00
-1.439700275659561157e-01 -9.440500736236572266e-01 1.188107728958129883e+00
-4.760118126869201660e-01 1.333121806383132935e-01 1.062369108200073242e+00
2.498673051595687866e-01 -1.338045578449964523e-02 1.200993776321411133e+00
1.244362369179725647e-01 8.266686201095581055e-01 1.648904204368591309e+00
7.102022767066955566e-01 2.355773299932479858e-01 1.893509984016418457e+00
9.328904151916503906e-01 6.441159248352050781e-01 1.968251585960388184e+00
-2.350432127714157104e-01 -5.946494340896606445e-01 1.801792263984680176e+00
-6.607214454561471939e-03 9.472317099571228027e-01 1.309095978736877441e+00
4.844360649585723877e-01 8.494642376899719238e-01 1.534341216087341309e+00
-4.182664453983306885e-01 -8.679818511009216309e-01 1.048248052597045898e+00
1.606552600860595703e-01 8.255181312561035156e-01 1.743964314460754395e+00
5.234090685844421387e-01 6.319799423217773438e-01 1.303295850753784180e+00
6.002483367919921875e-01 -2.663704454898834229e-01 1.354397296905517578e+00
-1.951912939548492432e-01 -9.801256656646728516e-01 1.651344895362854004e+00
-1.261678785085678101e-01 2.089448571205139160e-01 1.009580612182617188e+00
1.599774658679962158e-01 -7.899349927902221680e-01 1.064418435096740723e+00
-3.542016148567199707e-01 3.815117776393890381e-01 1.515049695968627930e+00
5.067387223243713379e-01 7.355194687843322754e-01 1.174860596656799316e+00
4.102603793144226074e-01 -9.449464678764343262e-01 1.829266309738159180e+00
1.011106818914413452e-01 8.719590902328491211e-01 1.975236654281616211e+00
2.826192677021026611e-01 5.859119296073913574e-01 1.587370872497558594e+00
6.188386082649230957e-01 -6.914063692092895508e-01 1.765241742134094238e+00
5.608147382736206055e-01 1.196650564670562744e-01 1.990824341773986816e+00
4.858981370925903320e-01 4.209529459476470947e-01 1.037092924118041992e+00
6.835860013961791992e-01 -2.305892258882522583e-01 1.354387521743774414e+00
-3.896432220935821533e-01 9.529864788055419922e-01 1.510544061660766602e+00
6.931447386741638184e-01 -1.462817937135696411e-01 1.488152980804443359e+00
-6.258466243743896484e-01 -7.950202226638793945e-01 1.424352884292602539e+00
8.614265322685241699e-01 4.768433049321174622e-02 1.118804454803466797e+00
2.425311654806137085e-01 -1.659377515316009521e-01 1.713739395141601562e+00
4.831912815570831299e-01 -2.055296115577220917e-02 1.573478579521179199e+00
-3.082396388053894043e-01 -8.580631613731384277e-01 1.869701981544494629e+00
5.164222717285156250e-01 7.753850817680358887e-01 1.204708218574523926e+00
-1.981752216815948486e-01 6.288491487503051758e-01 1.118219256401062012e+00
-5.660418868064880371e-01 1.422187983989715576e-01 1.409708261489868164e+00
2.879092097282409668e-01 -7.223126292228698730e-01 1.373233795166015625e+00
-2.542833685874938965e-01 1.876069903373718262e-01 1.366169095039367676e+00
5.567076802253723145e-02 -7.930696755647659302e-02 1.020336985588073730e+00
-1.800145804882049561e-01 -4.232635796070098877e-01 1.684751629829406738e+00
2.082955241203308105e-01 -9.485841393470764160e-01 1.557383418083190918e+00
1.479024887084960938e-01 -9.647392630577087402e-01 1.371327638626098633e+00
9.035405516624450684e-01 9.192907810211181641e-01 1.048562765121459961e+00
9.326796531677246094e-01 1.549808233976364136e-01 1.745947241783142090e+00
-4.866153597831726074e-01 -9.625925421714782715e-01 1.100107789039611816e+00
-6.481733322143554688e-01 3.583675622940063477e-01 1.117466211318969727e+00
8.885038495063781738e-01 -3.886977434158325195e-01 1.014797806739807129e+00
5.075748562812805176e-01 6.380245685577392578e-01 1.040268063545227051e+00
-1.481544971466064453e-01 8.294438123703002930e-01 1.070320963859558105e+00
-9.111650586128234863e-01 4.007361829280853271e-01 1.250726461410522461e+00
-5.732164978981018066e-01 -4.702293276786804199e-01 1.650623202323913574e+00
-9.790040850639343262e-01 -8.931046128273010254e-01 1.904770851135253906e+00
-2.011457979679107666e-01 9.434652328491210938e-01 1.662437081336975098e+00
7.857023477554321289e-01 -4.888149499893188477e-01 1.413552403450012207e+00
2.737596035003662109e-01 1.145381405949592590e-01 1.229734301567077637e+00
-1.571896374225616455e-01 -8.647090792655944824e-01 1.041791439056396484e+00
9.063894152641296387e-01 -6.368212103843688965e-01 1.780983567237854004e+00
2.884066998958587646e-01 5.331861376762390137e-01 1.923599243164062500e+00
-4.834750294685363770e-01 7.114465236663818359e-01 1.047538518905639648e+00
4.718453437089920044e-02 4.062156379222869873e-01 1.334680557250976562e+00
-2.147165536880493164e-01 1.879026591777801514e-01 1.161590456962585449e+00
3.825154006481170654e-01 -5.035692453384399414e-01 1.899763941764831543e+00
8.618156313896179199e-01 -6.012129187583923340e-01 1.479870676994323730e+00
-7.233034074306488037e-02 9.919778108596801758e-01 1.012407898902893066e+00
-7.205944657325744629e-01 -2.192668467760086060e-01 1.231270074844360352e+00
2.722989916801452637e-01 -1.256529539823532104e-01 1.594156384468078613e+00
-2.951989769935607910e-01 8.192355632781982422e-01 1.875007867813110352e+00
-1.866820603609085083e-01 -5.404506325721740723e-01 1.555159211158752441e+00
7.116145491600036621e-01 1.494300644844770432e-02 1.708748340606689453e+00
-2.266588360071182251e-01 6.880051493644714355e-01 1.963246703147888184e+00
-2.214231193065643311e-01 1.982477158308029175e-01 1.846639633178710938e+00
-3.807025551795959473e-01 -9.521458745002746582e-01 1.148081064224243164e+00
2.813016474246978760e-01 8.582084178924560547e-01 1.024713635444641113e+00
-1.534919142723083496e-01 -4.031827151775360107e-01 1.317083597183227539e+00
-7.500237226486206055e-01 -4.139726459980010986e-01 1.630178332328796387e+00
-3.706619441509246826e-01 -9.671831130981445312e-01 1.936625599861145020e+00
1.662776246666908264e-02 9.347921609878540039e-02 1.002197146415710449e+00
7.606697678565979004e-01 -5.337656140327453613e-01 1.222398281097412109e+00
1.080221459269523621e-01 -5.533699393272399902e-01 1.040770888328552246e+00
4.545613229274749756e-01 7.294311523437500000e-01 1.814481616020202637e+00
4.718078672885894775e-01 -2.497480809688568115e-01 1.878905057907104492e+00
1.599844396114349365e-01 5.418906211853027344e-01 1.703567743301391602e+00
-5.938340425491333008e-01 -3.090195059776306152e-01 1.228598237037658691e+00
-6.160316467285156250e-01 -7.708470337092876434e-03 1.983866810798645020e+00
-4.964022636413574219e-01 -2.280415743589401245e-01 1.676169037818908691e+00
1.971737891435623169e-01 -8.499610424041748047e-01 1.184827923774719238e+00
-5.316784977912902832e-01 9.588539004325866699e-01 1.865525960922241211e+00
-9.625422358512878418e-01 -3.692402839660644531e-01 1.068000316619873047e+00
4.984440505504608154e-01 -2.516573071479797363e-01 1.123288393020629883e+00
-6.241446733474731445e-01 4.105620384216308594e-01 1.547792434692382812e+00
-6.846486330032348633e-01 8.773623704910278320e-01 1.616897583007812500e+00
4.953857958316802979e-01 -7.265448570251464844e-01 1.126856684684753418e+00
8.922561407089233398e-01 5.481519270688295364e-03 1.831383466720581055e+00
4.687723219394683838e-01 -1.752108335494995117e-01 1.140240550041198730e+00
2.066734731197357178e-01 -4.425557553768157959e-01 1.753236055374145508e+00
-2.629010193049907684e-02 5.861484408378601074e-01 1.529848217964172363e+00
3.058173060417175293e-01 -1.494759768247604370e-01 1.177487015724182129e+00
-6.031596660614013672e-01 -7.244238257408142090e-01 1.565312385559082031e+00
-4.919230937957763672e-01 8.523942828178405762e-01 1.538848042488098145e+00
7.791386842727661133e-01 1.600591465830802917e-02 1.272865772247314453e+00
6.039825677871704102e-01 1.814623773097991943e-01 1.407446265220642090e+00
5.630006194114685059e-01 7.756838202476501465e-01 1.604651689529418945e+00
2.147776484489440918e-01 5.450444817543029785e-01 1.597799897193908691e+00
8.451660871505737305e-01 8.182289600372314453e-01 1.992152214050292969e+00
4.215575754642486572e-01 4.456215500831604004e-01 1.795315265655517578e+00
-1.286969482898712158e-01 2.124236151576042175e-02 1.684710741043090820e+00
-4.443023502826690674e-01 -6.292465329170227051e-01 1.802462100982666016e+00
-1.961263716220855713e-01 6.447018384933471680e-01 1.623768329620361328e+00
-6.941729784011840820e-01 9.356636404991149902e-01 1.307263374328613281e+00
-4.313794523477554321e-02 -7.642931342124938965e-01 1.882339239120483398e+00
9.642400741577148438e-01 9.742354154586791992e-01 1.355796575546264648e+00
4.023149907588958740e-01 -8.253900408744812012e-01 1.384951114654541016e+00
-6.250997781753540039e-01 -4.254148304462432861e-01 1.109632849693298340e+00
-5.115586519241333008e-01 -1.199047341942787170e-01 1.583946228027343750e+00
8.328542113304138184e-01 -3.830758035182952881e-01 1.645784497261047363e+00
-5.509592890739440918e-01 4.926249384880065918e-01 1.512454271316528320e+00
6.325911283493041992e-01 -3.746047616004943848e-01 1.433624625205993652e+00
-8.056509494781494141e-01 1.262022256851196289e-01 1.561937808990478516e+00
7.765238881111145020e-01 -5.789324045181274414e-01 1.138871788978576660e+00
-1.153731793165206909e-01 1.793730556964874268e-01 1.982998728752136230e+00
-8.503300696611404419e-02 -3.928443416953086853e-03 1.763197422027587891e+00
3.771094977855682373e-01 9.716385602951049805e-01 1.412796735763549805e+00
-2.268150746822357178e-01 -5.707131028175354004e-01 1.049035668373107910e+00
-6.864063143730163574e-01 4.454755783081054688e-01 1.262250423431396484e+00
-5.012988671660423279e-02 9.109948873519897461e-01 1.048114180564880371e+00
-3.750517368316650391e-01 -6.857982277870178223e-01 1.013083457946777344e+00
-6.828200221061706543e-01 -3.326852619647979736e-01 1.770050406455993652e+00
5.450994372367858887e-01 -2.430704683065414429e-01 1.981281161308288574e+00
8.595477938652038574e-01 6.075642704963684082e-01 1.660672068595886230e+00
-3.572601377964019775e-01 6.402781605720520020e-02 1.892805576324462891e+00
-6.088792681694030762e-01 -6.320806741714477539e-01 1.090759396553039551e+00
2.909197285771369934e-02 6.708856821060180664e-01 1.323259234428405762e+00
2.188198827207088470e-02 -3.985145688056945801e-01 1.112504363059997559e+00
-2.869514822959899902e-01 -3.002887070178985596e-01 1.200012326240539551e+00
2.623696625232696533e-01 2.693676352500915527e-01 1.026634812355041504e+00
-5.252088308334350586e-01 -4.868187010288238525e-01 1.818152546882629395e+00
9.045126438140869141e-01 -9.426636248826980591e-02 1.126943707466125488e+00
6.147866845130920410e-01 -7.879797816276550293e-01 1.236136436462402344e+00
6.870627403259277344e-01 -9.577832221984863281e-01 1.695634841918945312e+00
-7.067880630493164062e-01 -2.491948604583740234e-01 1.189519405364990234e+00
-6.488554477691650391e-01 1.509362012147903442e-01 1.522787809371948242e+00
-3.600914776325225830e-01 -8.150783181190490723e-01 1.378522872924804688e+00
6.046274900436401367e-01 -5.618831515312194824e-01 1.042343735694885254e+00
-3.266921043395996094e-01 2.393219321966171265e-01 1.874997735023498535e+00
-9.837117195129394531e-01 -9.662749171257019043e-01 1.506909370422363281e+00
6.257680058479309082e-01 4.278002977371215820e-01 1.574742078781127930e+00
9.017311036586761475e-02 4.392799437046051025e-01 1.371606588363647461e+00
4.755803048610687256e-01 3.814366161823272705e-01 1.850896120071411133e+00
-9.578655958175659180e-01 2.244887053966522217e-01 1.396006107330322266e+00
-9.081320762634277344e-01 -5.660815238952636719e-01 1.492704749107360840e+00
-7.272959351539611816e-01 -1.854048669338226318e-01 1.591348052024841309e+00
-7.199004292488098145e-01 -2.208641469478607178e-01 1.431326150894165039e+00
1.257734894752502441e-01 -3.793285489082336426e-01 1.491884827613830566e+00
-8.959222435951232910e-01 6.845331192016601562e-01 1.841256141662597656e+00
4.039165973663330078e-01 1.680430173873901367e-01 1.783989667892456055e+00
9.451923966407775879e-01 -6.471895575523376465e-01 1.783606171607971191e+00
-3.891340494155883789e-01 5.923733115196228027e-01 1.820028662681579590e+00
1.919815093278884888e-01 -4.641274213790893555e-01 1.337843179702758789e+00
3.226274624466896057e-02 -8.565545082092285156e-01 1.226858973503112793e+00
-4.767832905054092407e-02 4.564644098281860352e-01 1.004205107688903809e+00
-5.223236083984375000e-01 7.022202014923095703e-01 1.707794308662414551e+00
5.366228222846984863e-01 -8.927193880081176758e-01 1.293011188507080078e+00
2.546736001968383789e-01 1.001094728708267212e-01 1.264206290245056152e+00
-8.407472968101501465e-01 -3.495124354958534241e-02 1.733284592628479004e+00
-3.911274671554565430e-01 -9.033634513616561890e-02 1.726441383361816406e+00
-6.634452342987060547e-01 9.466134309768676758e-01 1.805902600288391113e+00
6.314724087715148926e-01 1.899282187223434448e-01 1.496927142143249512e+00
6.728244423866271973e-01 -4.166326820850372314e-01 1.450936317443847656e+00
1.189141720533370972e-02 6.306132674217224121e-01 1.350295305252075195e+00
8.763767480850219727e-01 -3.407341539859771729e-01 1.120590329170227051e+00
-8.979738354682922363e-01 7.524321079254150391e-01 1.600809931755065918e+00
2.892483770847320557e-01 7.176899909973144531e-01 1.794499516487121582e+00
-8.921651244163513184e-01 2.622055709362030029e-01 1.796697378158569336e+00
-8.009775876998901367e-01 3.315633237361907959e-01 1.779998302459716797e+00
-6.247628927230834961e-01 2.633745670318603516e-01 1.710106849670410156e+00
-4.131627380847930908e-01 4.833817780017852783e-01 1.463885068893432617e+00
-5.441021919250488281e-01 -1.090246066451072693e-01 1.901996374130249023e+00
-5.335446596145629883e-01 -3.548554182052612305e-01 1.832319498062133789e+00
1.870276220142841339e-02 2.474362105131149292e-01 1.710453987121582031e+00
-3.690607547760009766e-01 -7.962308526039123535e-01 1.540620207786560059e+00
-6.683287620544433594e-01 -4.842959940433502197e-01 1.561689853668212891e+00
-5.883165597915649414e-01 3.592466115951538086e-01 1.494260907173156738e+00
-6.616992354393005371e-01 3.343134373426437378e-02 1.973641157150268555e+00
-8.275046348571777344e-01 8.915198594331741333e-02 1.336364984512329102e+00
2.686868011951446533e-01 -5.648798942565917969e-01 1.216922521591186523e+00
-6.260858178138732910e-01 -5.722284317016601562e-02 1.356105566024780273e+00
-7.000696659088134766e-01 -2.721880078315734863e-01 1.036458969116210938e+00
4.106743633747100830e-01 -4.831329584121704102e-01 1.207946181297302246e+00
8.772042989730834961e-01 9.975914955139160156e-01 1.104900836944580078e+00
9.367832541465759277e-01 -9.565152525901794434e-01 1.425498962402343750e+00
3.694343864917755127e-01 -2.923271954059600830e-01 1.476827263832092285e+00
-4.657832384109497070e-01 -1.263044476509094238e-01 1.128486633300781250e+00
-1.438387632369995117e-01 -2.085482031106948853e-01 1.507386684417724609e+00
-4.410718753933906555e-02 -9.578413367271423340e-01 1.050026535987854004e+00
7.683696150779724121e-01 -7.685810923576354980e-01 1.772637605667114258e+00
-7.870301604270935059e-01 4.497133493423461914e-01 1.188002467155456543e+00
2.769875526428222656e-01 7.266089916229248047e-01 1.029282569885253906e+00
-6.020269393920898438e-01 -5.090135335922241211e-01 1.033069133758544922e+00
-4.786299169063568115e-01 1.079545319080352783e-01 1.242214679718017578e+00
-4.466417431831359863e-01 4.748397767543792725e-01 1.611876606941223145e+00
-2.084513455629348755e-01 -4.032616913318634033e-01 1.018421173095703125e+00
9.609999656677246094e-01 -7.907865643501281738e-01 1.063081383705139160e+00
-9.705702066421508789e-01 -4.209472835063934326e-01 1.260032176971435547e+00
-1.816903501749038696e-01 -3.088740408420562744e-01 1.331907510757446289e+00
-9.004852771759033203e-01 1.385037135332822800e-02 1.598028779029846191e+00
-3.959973752498626709e-01 -1.764182299375534058e-01 1.913356542587280273e+00
7.294663190841674805e-01 9.382197856903076172e-01 1.817294716835021973e+00
-9.757561087608337402e-01 7.459979057312011719e-01 1.622170925140380859e+00
9.127648472785949707e-01 -3.588271141052246094e-01 1.424926400184631348e+00
-8.942916058003902435e-03 2.547684907913208008e-01 1.737503528594970703e+00
6.917538642883300781e-01 2.574979066848754883e-01 1.154219746589660645e+00
-5.731344819068908691e-01 4.563888609409332275e-01 1.820720076560974121e+00
-2.035416811704635620e-01 -6.487494707107543945e-01 1.209390878677368164e+00
7.449253797531127930e-01 3.586434572935104370e-02 1.185274004936218262e+00
8.897754549980163574e-01 8.611774444580078125e-01 1.629337191581726074e+00
-6.681742072105407715e-01 5.893955826759338379e-01 1.698191761970520020e+00
-1.519561111927032471e-01 -6.530345082283020020e-01 1.236694335937500000e+00
-7.945553660392761230e-01 -5.682086944580078125e-01 1.994046807289123535e+00
1.694474816322326660e-01 9.320022463798522949e-01 1.210843682289123535e+00
-4.234617054462432861e-01 -7.433057427406311035e-01 1.605671644210815430e+00
-9.574233889579772949e-01 8.200199007987976074e-01 1.615696191787719727e+00
-8.940927386283874512e-01 8.871348947286605835e-02 1.173184871673583984e+00
-4.673254787921905518e-01 6.123542189598083496e-01 1.976030111312866211e+00
-7.879523634910583496e-01 1.613577157258987427e-01 1.136712670326232910e+00
-8.972008824348449707e-01 3.346705734729766846e-01 1.746460199356079102e+00
-6.804798245429992676e-01 9.989886283874511719e-01 1.891648054122924805e+00
-4.118709266185760498e-01 5.021084547042846680e-01 1.787025809288024902e+00
8.097816109657287598e-01 -7.021210193634033203e-01 1.672190427780151367e+00
4.046925902366638184e-01 8.703098893165588379e-01 1.546723246574401855e+00
-3.101734817028045654e-01 -4.158205091953277588e-01 1.703657746315002441e+00
9.482898116111755371e-01 -3.706686794757843018e-01 1.874578595161437988e+00
7.683702707290649414e-01 6.020988821983337402e-01 1.841716766357421875e+00
5.687408447265625000e-01 6.120417714118957520e-01 1.306141257286071777e+00
-8.676350116729736328e-03 7.790239453315734863e-01 1.802873611450195312e+00
2.771346569061279297e-01 7.707144618034362793e-01 1.406316995620727539e+00
-4.865738451480865479e-01 2.993822097778320312e-01 1.631622433662414551e+00
-4.481002688407897949e-01 -9.820705652236938477e-01 1.647592544555664062e+00
-8.192628622055053711e-02 1.645510829985141754e-02 1.582456469535827637e+00
-6.439320445060729980e-01 4.843544363975524902e-01 1.241919875144958496e+00
-6.260057091712951660e-01 6.194109320640563965e-01 1.597058415412902832e+00
5.454859733581542969e-01 -3.809141218662261963e-01 1.966417312622070312e+00
1.912093311548233032e-01 -6.382223218679428101e-02 1.896555900573730469e+00
4.204185605049133301e-01 -5.067940354347229004e-01 1.984839916229248047e+00
1.172985881567001343e-01 -4.373748302459716797e-01 1.394557356834411621e+00
8.920308351516723633e-01 -1.735438108444213867e-01 1.891326308250427246e+00
3.700211942195892334e-01 1.160344704985618591e-01 1.068174242973327637e+00
-4.775364398956298828e-01 5.782909393310546875e-01 1.128710269927978516e+00
-1.319510489702224731e-01 -5.265135169029235840e-01 1.641429543495178223e+00
-4.556843638420104980e-01 -9.577585756778717041e-02 1.764810204505920410e+00
3.443085551261901855e-01 8.471795916557312012e-01 1.869025588035583496e+00
-6.616316735744476318e-02 1.120845377445220947e-01 1.566284179687500000e+00
-1.635384708642959595e-01 6.775503158569335938e-01 1.929664373397827148e+00
6.029419600963592529e-03 -2.337759882211685181e-01 1.876236319541931152e+00
2.067801356315612793e-01 -9.778230190277099609e-01 1.408916592597961426e+00
-2.936172187328338623e-01 -7.341500520706176758e-01 1.979740023612976074e+00
-8.534510731697082520e-01 3.317232728004455566e-01 1.674540877342224121e+00
-1.431893408298492432e-01 -7.383289337158203125e-01 1.197417736053466797e+00
-3.914850652217864990e-01 9.911727905273437500e-01 1.115347504615783691e+00
-8.123040795326232910e-01 5.500432252883911133e-01 1.663405537605285645e+00
-1.699536144733428955e-01 -9.083507657051086426e-01 1.361944198608398438e+00
9.299423694610595703e-01 -4.755639433860778809e-01 1.668293476104736328e+00
-1.966136097908020020e-01 5.037559270858764648e-01 1.758439779281616211e+00
-5.214362144470214844e-01 -6.847631335258483887e-01 1.143433213233947754e+00
-4.292453825473785400e-01 -7.275981307029724121e-01 1.673422098159790039e+00
4.538567364215850830e-01 8.871157169342041016e-01 1.659458756446838379e+00
-8.114837408065795898e-01 7.816031575202941895e-01 1.781963586807250977e+00
-9.235810637474060059e-01 6.034774780273437500e-01 1.553689479827880859e+00
-4.333308935165405273e-01 9.300866723060607910e-01 1.914304375648498535e+00
6.902036070823669434e-01 -4.352392554283142090e-01 1.098637104034423828e+00
-9.179342985153198242e-01 1.595421135425567627e-01 1.038151979446411133e+00
2.748614251613616943e-01 2.141162157058715820e-01 1.103087663650512695e+00
6.918950080871582031e-01 -7.721309363842010498e-02 1.147748470306396484e+00
2.366024255752563477e-01 -1.421874612569808960e-01 1.889785647392272949e+00
-4.568533599376678467e-01 -6.690478920936584473e-01 1.392152309417724609e+00
-8.209534287452697754e-01 -7.772557735443115234e-01 1.126832723617553711e+00
-2.940087318420410156e-01 -1.795248538255691528e-01 1.446362972259521484e+00
8.467963337898254395e-01 -8.981971144676208496e-01 1.676379561424255371e+00
7.732900232076644897e-02 9.203840047121047974e-03 1.561380982398986816e+00
2.205966711044311523e-01 -2.043781876564025879e-01 1.152512073516845703e+00
5.003754496574401855e-01 -7.452232241630554199e-01 1.713098764419555664e+00
2.036519497632980347e-01 4.087204039096832275e-01 1.704519867897033691e+00
1.189157515764236450e-01 -1.056763082742691040e-01 1.985707998275756836e+00
-7.241522669792175293e-01 -4.125052094459533691e-01 1.131700158119201660e+00
5.379585623741149902e-01 -6.684108823537826538e-02 1.594388484954833984e+00
-4.042309522628784180e-02 -8.790761232376098633e-01 1.526862502098083496e+00
-7.167702317237854004e-01 8.942077755928039551e-01 1.486317515373229980e+00
-7.968143820762634277e-01 -2.136966772377490997e-02 1.488717198371887207e+00
3.962169885635375977e-01 -3.713711798191070557e-01 1.111052513122558594e+00
5.445129275321960449e-01 7.934855818748474121e-01 1.554968118667602539e+00
7.649149298667907715e-01 -6.379858255386352539e-01 1.964248538017272949e+00
-6.544013023376464844e-01 8.287026882171630859e-01 1.920412659645080566e+00
-6.478043198585510254e-01 6.475955247879028320e-01 1.766280055046081543e+00
9.594140648841857910e-01 4.354952573776245117e-01 1.015521287918090820e+00
2.464839816093444824e-02 -4.234539344906806946e-02 1.414038777351379395e+00
-6.142223477363586426e-01 1.798773407936096191e-01 1.944315075874328613e+00
4.464737474918365479e-01 9.340940117835998535e-01 1.055031061172485352e+00
4.382024407386779785e-01 -1.180794909596443176e-01 1.694973826408386230e+00
6.231277585029602051e-01 -6.656149625778198242e-01 1.083556294441223145e+00
-2.543374001979827881e-01 -5.600646734237670898e-01 1.037223339080810547e+00
-8.910610675811767578e-01 -6.023861169815063477e-01 1.495496511459350586e+00
-4.959053993225097656e-01 -4.442539811134338379e-01 1.967512845993041992e+00
-5.514061450958251953e-01 6.415175199508666992e-01 1.698018074035644531e+00
-1.215958297252655029e-01 4.802213013172149658e-01 1.832284927368164062e+00
8.868022561073303223e-01 -7.018870711326599121e-01 1.530790209770202637e+00
8.582594394683837891e-01 3.028205633163452148e-01 1.992861032485961914e+00
-5.417174100875854492e-01 -5.263891816139221191e-01 1.284358978271484375e+00
-1.321622133255004883e-01 -2.642998937517404556e-03 1.249836921691894531e+00
4.838743805885314941e-01 -7.468361258506774902e-01 1.907838463783264160e+00
1.108192950487136841e-01 7.189024686813354492e-01 1.643264651298522949e+00
8.805561065673828125e-01 -1.635804325342178345e-01 1.281528592109680176e+00
8.678063750267028809e-01 -5.748075246810913086e-02 1.625760912895202637e+00
-4.279316067695617676e-01 -4.200799465179443359e-01 1.430468916893005371e+00
