8.752412796020507812e-01 1.000000000000000000e+00 6.823643296957015991e-02 1.327015226706862450e-03 9.143220260739326477e-03
9.688317179679870605e-01 1.000000000000000000e+00 3.697072267532348633e-01 7.103388779796659946e-04 1.899870783090591431e-01
2.648039460182189941e-01 1.091291025102393564e-13 8.148895502090454102e-01 9.992601275444030762e-01 3.270206972956657410e-03
1.223396603018045425e-02 7.890179157257080078e-01 1.933643035590648651e-02 9.994792342185974121e-01 1.366487822451745160e-06
4.613102674484252930e-01 1.000000000000000000e+00 4.415626451373100281e-02 1.238146498799324036e-01 4.865428491029888391e-04
4.177905321121215820e-01 9.999994039535522461e-01 8.879049867391586304e-02 4.093911349773406982e-01 6.364189321175217628e-04
5.793147087097167969e-01 1.000000000000000000e+00 5.779228731989860535e-02 6.082355976104736328e-02 1.063355826772749424e-03
5.222273059189319611e-03 2.802138924598693848e-01 1.322391070425510406e-02 9.998950958251953125e-01 3.610549867971712956e-07
9.966177344322204590e-01 1.000000000000000000e+00 5.464324951171875000e-01 6.837225555500481278e-06 8.635830283164978027e-01
4.423874989151954651e-02 4.638177415472455323e-05 1.303978115320205688e-01 9.993180036544799805e-01 2.711169690883252770e-05
7.948491722345352173e-02 9.999916553497314453e-01 2.754425257444381714e-02 9.590854048728942871e-01 1.982909270736854523e-05
4.132847301661968231e-03 6.234570406377315521e-03 1.667222380638122559e-02 9.999598264694213867e-01 3.137633086680580163e-07
5.152116417884826660e-01 5.739608895964920521e-04 5.176568031311035156e-01 9.082075357437133789e-01 5.019356496632099152e-03
4.018344450742006302e-03 1.420578607004563398e-12 1.257860511541366577e-01 9.999985694885253906e-01 1.234809928973845672e-06
1.777927130460739136e-01 1.000000000000000000e+00 2.430059760808944702e-02 6.489470601081848145e-01 5.766099639004096389e-05
7.850567996501922607e-02 5.862756967544555664e-01 7.796305418014526367e-02 9.922924041748046875e-01 4.000596527475863695e-05
8.878285288810729980e-01 1.000000000000000000e+00 1.886333674192428589e-01 5.659865215420722961e-03 2.242360077798366547e-02
3.746126890182495117e-01 1.000000000000000000e+00 3.996358718723058701e-03 8.383670821785926819e-03 6.238387868506833911e-05
4.827150106430053711e-01 9.998352527618408203e-01 1.689603030681610107e-01 5.212823152542114258e-01 1.433788216672837734e-03
3.205043077468872070e-01 9.738905429840087891e-01 1.708160936832427979e-01 8.638058900833129883e-01 6.148208049125969410e-04
