3.633746206760406494e-01 4.139824807643890381e-01 7.852676510810852051e-02 3.344542086124420166e-01 2.340913712978363037e-01
9.740092754364013672e-01 9.670914411544799805e-01 2.763764262199401855e-01 1.675492897629737854e-02 9.800964966416358948e-03
1.000000000000000000e+00 1.000000000000000000e+00 9.963161349296569824e-01 1.185472466719295070e-11 1.900738594295958706e-11
1.000000000000000000e+00 1.000000000000000000e+00 4.522339105606079102e-01 2.275888100200518238e-08 5.966025895531856804e-08
9.304055571556091309e-01 9.372676014900207520e-01 5.308237075805664062e-01 3.941552713513374329e-02 3.247834369540214539e-02
9.998014569282531738e-01 9.997423291206359863e-01 4.692340493202209473e-01 3.270148299634456635e-04 3.812568320427089930e-04
7.756857872009277344e-01 8.016326427459716797e-01 3.967661261558532715e-01 1.090419664978981018e-01 8.151738345623016357e-02
1.000000000000000000e+00 1.000000000000000000e+00 3.005586564540863037e-01 1.092705836924778851e-08 2.461187875724135665e-08
9.999146461486816406e-01 9.998887777328491211e-01 3.547728434205055237e-02 1.028366168611682951e-04 6.837747059762477875e-05
1.000000000000000000e+00 1.000000000000000000e+00 4.482035040855407715e-01 2.841824109367507845e-09 5.654618551176326946e-09
1.000000000000000000e+00 1.000000000000000000e+00 4.469563961029052734e-01 6.236905392142944038e-08 1.618879679199380917e-07
1.000000000000000000e+00 1.000000000000000000e+00 2.419579029083251953e-01 7.009449465300576776e-09 1.451077746850160111e-08
1.000000000000000000e+00 1.000000000000000000e+00 6.620028614997863770e-01 1.066761901036272775e-09 1.491234025152721188e-09
1.000000000000000000e+00 1.000000000000000000e+00 5.141608119010925293e-01 2.691863176806919000e-09 5.440348171958930834e-09
9.999976158142089844e-01 9.999963045120239258e-01 5.380561947822570801e-01 8.910007636586669832e-06 1.532419082650449127e-05
1.000000000000000000e+00 1.000000000000000000e+00 4.270997345447540283e-01 1.301703100864415319e-08 3.068733889222130529e-08
7.177906036376953125e-01 7.177435755729675293e-01 2.093122303485870361e-01 1.365612000226974487e-01 8.616264909505844116e-02
5.611294507980346680e-01 6.323389410972595215e-01 6.913771629333496094e-01 2.188377529382705688e-01 1.714313626289367676e-01
9.999879598617553711e-01 9.999799728393554688e-01 4.550493955612182617e-01 3.392479993635788560e-05 4.361779065220616758e-05
1.000000000000000000e+00 1.000000000000000000e+00 4.483276307582855225e-01 1.237955302713089623e-07 2.534751502025756054e-07
