-3.750422596931457520e-01 2.176244258880615234e+00
1.460039854049682617e+00 1.671009540557861328e+00
2.889605522155761719e+00 -2.425275802612304688e+00
-1.851138830184936523e+00 -8.082731366157531738e-01
-8.860355615615844727e-01 1.202933430671691895e+00
-2.700591385364532471e-01 5.872514247894287109e-01
-6.199956536293029785e-01 1.300616741180419922e+00
-2.226440191268920898e+00 -1.070710897445678711e+00
2.196728944778442383e+00 2.556835889816284180e+00
-7.019946724176406860e-02 -1.382233619689941406e+00
-1.432399153709411621e+00 1.329376995563507080e-01
-2.043315649032592773e+00 -1.373704671859741211e+00
1.768013477325439453e+00 -8.043161630630493164e-01
-2.491651922464370728e-01 -2.846268415451049805e+00
-1.486016511917114258e+00 7.818552851676940918e-01
-5.149674415588378906e-01 -6.189033985137939453e-01
6.019009351730346680e-01 1.463491320610046387e+00
-2.958764076232910156e+00 2.645599842071533203e+00
3.631339073181152344e-01 2.477867603302001953e-01
3.336812257766723633e-01 -1.783150285482406616e-01
